5555115155-1151155. 461

5551555555, Angelaria, En· 1 6155115515] (31111551) 1293, 3161 1296,
5115551155, 10151155 (111 469. - 55515555 555, 8111155 1295,

1255, 246) 1255, 953, 910) 435,

1291, 312. (5155155511 (6555155551, Hespelhorst),

51555, 1115515151 133. 58555515. 155115, 115151. 0155555, 95.

5), 95. 5551555151111 151, ᾗ 8551555555 140, 519, 606. - 85155551

11, 908, 990, 999, 933, 931, 11115 55155515 15 1300, 519.

,1, 316389. - 5111505555 0155555511, 851155 555 (12851140. -

5555551515155155) 1284, 81151515, 1515551151 111 6551105515 606.

’511 1151151115 1289, 951. 1511511 (Essene), 11511 0551115511 195, 310,

,g 6511555 5511 1297, 475. 1 311, 315, 316, 363, 378, 420, 414, 530.

teron), 115. 8551555551, -· 5551555151115555515 195.

50. - 11155555 10 ..... (511515,11115555555111298,530. - 555
515115 555 1290, 991.

11555), 95. 8551555555, (5115115581, (91111904. - 11501115

es) 948. - 55115551 3115155

155 1289, 948.

515555), 8555515511, 135151.

5. 11511115 334. - 951511

152, 334.

15, 1115515151 441.

115), 115. 1115515511, 11155555

1155155 1247, 619.

511511, 55111515 555 1217, 619.

5115111555 (5515515555), 115151. 3155515
589, 683, 634. - 115155 85515555
1300, 589.

Everardi filius wicboldus 1288, 231 (53115
55111155 555115) 5 1289, 958 (555550)
1292, 340, 349 (555115), 344.

55555555 officialis 1513555551111288,
949 1 1290, 931 ; 1292, 350.

1555511555, officialis 111 θ115155551111281,

1. (5511115.

5115511115 11151 11151155 18555
151140.

55), 115151. 1011155 993, 398
15 11515111156555), 599.
55511.

1515551, 8115511, 6111551110
51298, 599. - 35115115
93 (515155551555 905511.)-
5 8115111555, 15155 11511555

11) 1285, 195.
55555555, 13155555 555 855115555555
5551158 151 1011151155 1284, 119.
herhardus, nobilis 1090, 664.
Everinctorpe 1. 51115115.
1155581515, 055555155111055551151, brt:
1151511511 555 555 51551.
5555115111, (5155111115 5. 81. 555 1282, 51.
(5555115111, 61551 Otto 555 1282, 61.
5555115111, 0155111115 5515, 5555111 115115,
1115515511 5511 1551115155 1290, 981.
(5555815555(6555531555), 115. 1655515
5551, 11155555 10151515 1300, 589.
1151515115, 5551551111 5511 1281, 199) 1293,

416.

1551551), 85555158515155
)
ἓηῖ5811515511151511511 555

15 5511 1285,153(11115555))
- 8515551115, 151115 115511
- 5551551111, 15111 &obn

363 (5555551555 8115555). 2151. 5.
11151515.

Ezchelage 1. 601555.

tus 11115 Albertus 5511, 555·

um 111 8151111551 1292, 338.

lage, Ezchelage) 551 61555 F ὉΒῙ· v·

151. 3115155551, 9525111515 ’ 11151151 (3115151155) 111 1118155555 55555111,

1,553.-015515115,9515515 115. 01511555 151. ’

299, 558. 1115555511 608.

5515115555), 15515515 5511 11151555, 31515551 5511, 1511555115511555
1235, 119, 1255, 325 0115115551 1155, 666.

 

