464

(1551551551 61511 555 (55815515 1284,
135.

(5551555, 55115555, 1511511515 1287, 222.

01551515 (65551115), 615511515416.

(05155511551 (0515551515), 61. 1155515,
1111555 6. - (1151151335.

(5511515 (65115155), 5555 555, 1151115511
111 1355551511 5551115511 555 11155551
1. 8355511151 555 11155551. - 5555
555105515511 15 ὓ5555111111. 5.

(15115155 1. (55115111.

Gordincsele 1. (5515111151.

(556155521511155115551051115155128251.

(11511555 381, 548 (hospitalis 555511851τί-
tus), 549 (5551.)

0151151155, 55151115 555, 5555515151
11111551 1295, 418.

(1151155515, (15115515, 111151556 15, 5355
5101151 11111551 1289, 2601 1298, 506)
1299, 546, 541.

(1151111155, 5551515511 15 1111151151 1. 5. ’

(5511115511, famulus 558 6555555 555
5151515155 55151555 55595555151229,
552.

0151115511, 111151 555 61.1155555ε115115ε
5111111. 5.

(1515115 1. (5551515 416.

011555 (6151), 91. 115556, 1155555 555,
1296, 449.

15151515(015115), 61151. 115155, 111. 11511515
511151 388.

(115115 1. 01151515.

0151155511, 111. 11151555551151 556 11555
5111155111511516 531.

Gramberge (Graninberge), castrum mer:
5111151155 0105555515 55155151) 413.
(1115515515, 1115515, 5155511115111111551
1289, 260, 261. - 5115115555551115151
11111551 1296, 459. - 11515515 555
1290 292 J 1293, 365 (5655511151
11115511) 1299, 552, 5511 1900, 584,
596. - 1111155515, 1515551551 11551151,

· 01515515, 51151115, 5115551155,111551516,
15155 1115551 1300, 506.

(51551515 (0151511515), 111151. Ι5515511,
1115555515 162.

(5155551555155 (615551515555), 111151.
1155551111555 551 1101555, 8155551115
118.

(5155155511, 9181111555515, 0151151 29,

ωηηωωωωωωΗ

6551511115-(5111516155.

’ 0155555551) 115, 202, 206, 218, 218,
241, 242, 265, 269, 324, 326, 368401.
408, 464, 489, 558, 511, 589, 692. -

&mmmmwm
242. - cameraria Amelgardis 1281,
1 29. - 1155155 1351151 1291, 324.
1 61511. (51556.
j 01151155(0155555), 91.1051555511,1115
15151439.
4 (5151165515 (6115555511), 81515 51606.
ἭΜΜΜΜΜΜ
ζ (515555, 61. 1111151151, 5111551151 321,
1 326. - 51515151 11511155 555 1111
Ι 1551, 354. - 5155515155155115.
1 324. - &tete 324. - 11151151 551
1155155 5555 1155155 1291, 324.
Grevene 1. (51511511.
(5115, 1115515 555 15155 55555 551
mann 1515 155155 1292, 331.
5155555115(6155555515, Grunenberge).
11515 551 1115115 163, 413 (6151111115
5551 Graninberge 1), 486.
61155155 (6155515, (115115), 61151. 511
551555, 111. 11515551511461,5591511
3 — 5515115 555 1300, 519.
¹ (1151151151511155.
(1155515 1. (5155155.
(5151155111, 111151. 5151555551, 81. 815155
5511469.
(5155111555 361.
(81551555 (01511555). 85515151555111
11155155 100.
6155511515, 55115555 555 1300, 519.
¹ 6155515155551. (5155551550155.
¹ 0115155115 (Magna domus) 15 55115111
8555511151 531. - 1051151555, 011
1155, 15155 1515151, 51115155, 5511
(5555 1299, 531.
(5155515, 1151151155. 155115155111, 61111·
1151511531. 8511555511 140, 536. f
, 9515511555511551299, 536. - 355511
1 5551283,89-93.
4 01155515 (61555151), 85515558 5551
1 5111151555, 195. - 1155 555, 15
5511151555 5555551,(51315,151551011151
1115515518,1515 5155151 1299, 536.
(51555, 50555515, 5555511651 81155
1295, 416. - 1551551 1294, 399 (5155
5111351 1111551).
(5111515155 (0515111515), 6551555551ῠώ
11151143, 481. - 1111515151 211, 439. ν

 

