11111111-11111. 481

11111111 11111111111678. - ¹ 111111111111111161.9111111716.
1111111111 1111 1281-1309, 15, 1111111111, &titt 61. 11111111, 1111111111
148, 65, 73, 77, 78, 94, 96, 97, 81111111 111 11111 1283, 94.

3, 104, 124, 119, 147, 152,153 1111111111, 0111111111 111111111111111111
38, 243, 252, 265, 814, 325, 335, 1111111 1286, 153. - 1111111111 111111
52, 455, 490, 495, 579, 582. - 1111 111 11111111, Dr. decr. 1284, 120.
1111 623, 624, 625. - 11111111 - 1111111111 1111111111 111 61111111,
&umen (1111111111 615, 616, 620. 1111111284120. - 61111111 1111 111111
mulus 111 11111111Κοί1 1390, 1111111284,120.

- 11111111111111111111111111 1111111111, 1111111111111111111238.
1391582. 1111111111, 1111111111 439.

11111111111111111111 162, 127, 1111111111, &abt 77, 120, 126, 166, 297,
77, 118, 238, 359, 445, 554, 619, 322, 408, 421, 444, 448, 461, 618-622,
- 1111111111 8111111111 1243, 623, 624, 633, 637, 638, 646, 647, 650,
- 111111111181111111111111111 661 (111111111111111111111111), 697.
1111111111 1296, 4691 1298, 1111111111, 1111111111111111111111, 111
.-111111111111111111191285, 11111, 1111111111, 1111111, Cameren,
1287, 218. - 111111111111 11111111, 1111111111, Leo, 11111, 11111,
11 (non 1111111111)1284,120. Rufus, 31111117115111, 7111111111.

1011111111 1111111111 111111 1111111111,11111111 678.

152. - (11111111 1111111111 111 1111111111, 11111111 111, 1111111 111
11111 1294, 4011 1296, 4691 1 311111111651.

1731 1299, 558. - 11111111 1111111111, 1111111111 111, 1111111 1285,
19, 301 1281151. - 8111111 ‚ 147,15511111111111111111),1631112883),
19, 30. - 8111111111111111 1 139. - 1111111, 1111111 1111111, 1811
322. - 1111111 bon 1111111 3 11111111 10111111 1. 1181111111. -
122. - 1111111111 8111111 1291, 11111118 11111111111111111311111111
- 11111111111111111111111291, 1. 1. - 1111111111 1289, 831 1294,
296, 464 (111111111161111111 4081311111111 1297, 4731 1299, 571.
191. - 01111111Β111111111 1297, - ῧ111111111 1286, 198.

- 1311111111 Rede 1299, 558. Mukhorst 1. Μ111111111.
111111118111,131111181111111 111111 1. 1111111111.

158. - 1111111111 1111 1111111 1 111111, 81111118 1296, 453.

158. - 311111111111111111 ⁴ 111111111161111111111632.

299, 558. · 1111111111131111111111.

1111111111 1151. 11111) 11111 s 11111, 81111111, 1111111 1297, 479.

(11111 1111111) 5431 1111111 1 1011181111, 0111111111 111, 1111111111 111
1 111 1111111111 1296, 4641 , 111111241681.

11111111, 1111111111. ¹ 1111111111, 1111111 1111 1296, 443. -

1111111111111111 monasteriensis, 1111111111111111111111,11111111, 1111111,
is 111111111111111464. .1)11111111,111111, 11111 111111291443.

111111111111811118 111. 611111 Munderseten, 1811111 111, 1111111111
- 11117111ε 1111111111 1111111111 11111111 1286, 1831 1296, 466. -
111, 11111111, 11111111, 811111 11111111 1111, 11111111111111111111296,
11111, 11111111 1118111111 457.

19. Mundesberghe, 1111111Θ11111111111, 111.

(11111111111111119, 451, 504. - 8111111111 83.

1111111 1294, 390. - 1111111 11111, 1111111, 1111111111 11111111 1295,

1191, 411. - 11111111 111 4161 1298, 528, 5291141111). -
451. -, 11111111 111111111111 ἶ 1111111111, 1111 11111111, 1111110811
51. ’ 11111111 1298, 528.

oon. 11111111. 31

 

