504

1111111(111211112111111111),1111111111, Ι
2111111111 1911318.

11111111111212111121), 311111 1111 (1111 1
1111, 111111, 21111111 111 stunc: ·
111111, 11111 1111111, 31111, 11111 ι
2111111111 1222, 198. 1

8111111, 21111111 2111111 111 1281, ll.

8111111121122111, Velzeten), 11111111 Ι
111, 21111 1222, 15] 1221, 211. ¹

Veltbus 111 2111111111 449.

11111111111111111112), 11111111 1111 5112
1111111111. 6111111111 152.

1211211111 1. 811111.

111111111111111111111111 111 1298, 503.

111111, 111. 1111111111111111 280.

1111111111112111111112), 111111. ὓ111111111,
111. 1111111111 430.

Verete 1. 811111.

1111111111, 111111 111, 1111111 1281, 8.

1121211212 1. 81111111.

11111111(11112112111111211112), 11. 111111,
11111 11119111111111 123, 133, 501, 518..
- 13111111 0111111111 1281183.

1111111111,1111111111,1111111 in 111111.

1221111111.

12212112, 11111 111 91111. 1111111. 354.

8111111111 1112221111111), 111111. 111
11111, 1311111111 306, 392.

villanus, 1111111111 11111111111111111,
1111111111 1283, 99.

villeriis, Guilelmus 111, prior 111 Bragniaco
12891‘266.

111111 (Vim, Vinko). 111111, 9111111,
1111111, 1111111111311111, 11111111

1295, 421. - 2111111, 1111111, 111111
1111111111111111 1298, 522. - 1111
1111 1295, 433; 1299, 565 (911111).
- 11111111, 12111111111111111111295,
4211 1296, 459) 1299, 552, 5511 1390,
604 (1111111111111121111). - 11111111
83112121) 1221123) 1222169. -
21111116, 11111 &tau 1284, 123. -
1111111111, 1111111111 5111111291152
1111111118). - 11111111121111112 11
11111111 1287, 211) cellerarius 1297,
418.

8111111111, 91. 1111111111, 11111111 116,
161, 323.

11112121. 111111.

8111111, 1111111111, 91111112811301
1281116.

1111111-111121212111.

111111 (1111112), 111111. 1111111111 r
511111 140, 188, 215. ;

811111211112111111 559. - 211116. ¹

Visbeke‚ 11111111 111, 21111111 11 ἶ
1111111111. 1. - 1111111111 111, 1211. -
11111111 811111 1298, 505, 528. -
1111111111 111 1267, 693 1151111111
1181111111) 1286, 1101111111111111

¹ 1111111111111 in Dssnuhtfid); 1281

231 (1811111111 91111111) 1291, 311 ·
(ng 1222, 216 > 12215211 111
548, 549, 5521 1300, 604.

Visleden 1. (01111111.

Vissonis domus 11 Overinchusen, 21ka
ὓ111, 91. 1111111111 354.

8111111211111111118111 614.

1111112, 31111111, 11111111 11 0112
1111111. 1.

81111111, (1111111111 (11ῦ111111111
8111111111211111121121211), 11111111 ’
11111111112111111 1297, 4861 129⁸,
5186121212). — 1111111111, 1111ἰ
&raus 1111111 1120181111 111011τί
11111 12214811 1222, 518. - annuum
0111111, 11111111, 1111, 111112111ὓῦ
1297,486. - 21111111 1291548519· ‘
ξ111111, 1111 11111111111211111112991
548 J 2111111111 1111111111 011
Widen, 181111Ιῦ111 junior, ffssalbtssss
1111111111111111, 1111111111 111119(ἴ
1111111111, 21111111181111111, 3111111

11111 11111.

Vlandesbrucge, 4511111111 heim 570ss
1111111111 111 >ἶ11111111 1291549.

Vleekeschilt‚ 111111111,8111111 1287, 200-

1311111, 111. 11111111 234, 4111429. ”
1111111692.

Vockyngh 1. &fitting

Voet de Benthem, 1111111112, 1111 &aba
1222, 222, f. vot.

18211 (1112112112), 11111111, 8111111 1287,
‘2205 1288, 231. - 8111111111 112011,
11111 11111 1288, 231.

Volcharding, 1811111, 1111111 11 *Burs
111111 111 13111, 011111. 2111111111
12911571.

voldecleyze, 11111111, 11111111111111
1111111 1298, 506.

1112121211, 1111111111, 1111111 1281104)
1282, 115.

 

