34414414-34414444114.

4414441444244441 4441144444 .
401,1296,463. - 01441444 444, !
44 444 31414144 1287, 204, 1292, 1

14, 4441141144 1114411 31111414 Vot ἶ

63. - 34411ὓ11411441 (Keroe-

)1283,103. - 3441234444444 ¹

444 640.

4ι, 3444 444 Ort 344, 441. -
41114444 103, 444, 418. - 1144144
,11283103 , 1284153. -1144144
1144 84144444 1292, 344.

m (11444 44414414 prope Benthem)
4441141144 441 0144144.

41, 21441444 444, 34114 44444,
’4414 (21141414), 14144 4444, 21114
444 2444, 14144 34144, 4141444144
2444, 2141414444 341444, 44114

, 114144τί444 ζ(1444, 44144414, (444
414) 444 &unul 1311444414 1114444
63.

41(Β44114ι4), 314444 444, esquier
474.

4417441444 1. Voet unb Vot.

1, 2814444 444, 4444444144
14 444414.

lde 1. 34441414.

14 1. 34441144.

st, {5104an 444 1282, 207.
14(Β4444141441), 1141413141114444,
4411444444 133.

1441214411 444 632.

14444441 214411 444 444 34444444,
341444 1243, 674. Ι
44414441 13444444 44441288, 234, ἱ
256. - (44414441 4444 1297, 480.
14. 34414444448144114141444474.
stt. 3441444444, 141144444414144 ·
’ , 21444414, 1111414414 44141411 444 1
1114444 1141444141) 444 (45441414 ·
7.
4414411) 444, 444444044414414 ,
. 3444441141. - 84444444 444
232. - 1141144444 444 444 ’
ι (814414), 1414 (4444 1292, 342, 1
482. - 011414, t&rau 8144144,
’,1, 341444, 1144444444, 011414 Ι

451

344444444444 (3444414441), 14444444
444, 4041141444 3114444 1296, 464.
34414144, 44144141, 444 † 1286, 187,
2111141414 444 2144414, 14144 244144

mm

34441414 (0444444114), 34114444 44 344
1441, 24141. 2114441444, 1143441444414

3444444144 44134441414444144,24 44114,
4444444 444, 4444444441444 &teter
1292, 333. - 24144414 444, 4444444
4444141144 4144144 1300, 604.

Β4ι411414 1. 314414.

Berghvolde 404.

34441144 (Berehzete), 344441441341144
4441, 114141. 3444144 424. -11411444,
31411444442414114444 444 1300, 494.

Berinc, 244411444, 3114114 14 3441441
mm

Bering‚ 21041444, 4444444444 3114444
1244, 346, 1444, 441.

3441144144 (Berninehusen), 114141. 1144
4444114. 34411 76.

34444114, 4111444444 444, 0144144444
4443411444 1141444141, 444 4444444 444
4441 3441441284244.

Β4444414444 1. 3441111441.

3441111444, cautor, sacerdos 1289, 270.

34441444, sartor, 1144141 14 4441444
1222, 341.

34444444 444 2411114144, 3411444 † 1299,
442.

3444444144, 344444, &teter 44ι 4441

¹ 114111 44 3114141444 1299, 447.

Bernhardus, nobilis 1090, 664.

Beminchusen 1. 3441144144.

3444411, serviens 44414414 1090, 664.

34444114, 244411, 4444444414 3444114
1282, 75.

344144, 21414144 444, magister civium
14 34444404 444 &teter 114 44414144
44 3441414441 1284107. - 341. 44-
41114144. - 11414414 44ιι 1289, 248
(consul 14 3444441441), 1291, 330
(44441444), 1292, 342 (44441), 1294,
434, 1298, 429 (magister scabinorum).
- 1144444 444, 8441444640.

1444111414441444 1114444 1300, 482. 1 3441444414, 2141144 17, 22-24, 44, 80,

mmmmem!
44444, 1441 1114414444 (014414
489.

44444444
Qfflmmmfflmffi

2mmmmmmffim

29*

 

