28181188-8818888.

(81ίέ81881128118811881118191111.
(88 .

1188 881 19188888111320.

nge, 68811888 1128811239.
818118 1288, 520.

18881, 8888811188 1188881 1291,
161 1292, 343.

88, 911111. 1181188, 91. bunun
11881881 8.

166.

8818111811 genuum 1284122.

ι 171.

ι, 17118188,ι 2111818118 888, 1111811118
11 1882, 458 1281, 199) 1288,

818, 81818818 888, 1181111111 in
11888, 291.

6188 (1188811181 118118) 383.
6811188811, 11111188 bet 2181111881
1111 1299, 555(811)8118181811188).
1. 26811188.

1181 θ118 8811 1296, 461.

f) (Wostenesche), 5130ss 881
’81 2181188, 98181. 2181881574.

>tetrico 128111) 1888, 590. -
188 1881, 11; 1288, 851 1888,
- 88818888 gen. 1283, 931 1299,
118888); 1293, 356.

98. 2111811188, 21911888888811
1881118181 76, 314, 352, 469.
12811881] 188, 1111181 1281205)
71. - 218111188888,118118818181
18888 881 9111188 Slore 1284, 134.
1188 filii (1) Β8181188111 de 1284,

18818 1. 2688888186.

1, 2181881 bet 2181111881 Deua:
181118 81888 (881881 8818818,
8811 81. 3818118, 1118811, bein:
881181 Bokelere 1818 8818811188
18 1898, 555.

, 1. 1281111881.
inc, 88181818, in 281888 1296,

(1178118888), 91918811188188188,
11 8811, 5188888 1281, 7.
91811188, 2611181111 8811 1296, 449.
88118 1. 1611111811).

Wrekehorst 1. ῧ1818818111.

Wuchtorp 1. &tumori

Wughtorpe‚ Vechtorpe‚ 1181111818 888,

“ 8111161811 gu 81. 118188898888181

12811 (wlf, Lupus), 2118818 8811, &teies
1283107. - 28118881211881892181888
1818 1281107. - 8881888, 8111181, †
1286, 170. - 8111888111, 18188 28111188
1286,170. - 88181881 gen. 1283, 86.

161111181111811 (17811111188118888), stt.
21118888 416.

Wulfhammen 1. 1611111811.

1611111881 (9181111818, 1181811888), 19181118
88811284, 1191 1282, 217 (988888).
- (1888181 888 1282, 297.

19811188 881 881888181181 8881 881
1388888118 559, 569.

16811188 (78188188), 2891182188881155.

1611111811 (9811818817811818, leeten),
2118188881 8811, 9111181 1281, 171 1282,
55. - 91811881 888, 98888812919561
1294, 410. - 1181818881 888 645.

1611111811 (Vulphamen) 692.

1611111811 (Wulshemen) 811 &lebes
1188188111) 367.

1288111811, 81111132. - 2181111181 91881888
1281, 182.

Wurden, Worden, 1611181111 8811 1296, 449.

7188121811.

71881,988881188111888811881818188818
81811 1. b.

8188181318, 2181881888 111 (1181888818
1290, 294.

Yborch 1. 381111.

Ydelingtorpe 1. 1181818881.
Ymegdorpe 1. 31111118.

thove, 8818181181) 1181181881. b.
Yrcus 1. 181111.

1188888188 1. 81888811.

Yserlon 1. &etlam

Ysinchof 1. 31181881.

Ζ8818881. when.

Zudenthorpe 1. 8188118811.

8111811811 (681811881898181188), §bominis
1888188181 2111818119 1296, 441.

 

