448 911119119819-9119119.

8019119819 (0111911981) 103.
9101991111, 91181. 811111 367, 009, 060.

91911191]911110111281,130. - 89191 ,
1291, 111 (1191), 119. “

9111111111191 011 31011111, 18101 79119911 4 291189191181191110911.

(8919111119) 63.

81119111103.

1111119181, 1191199918 0911 1287, 207.

9199999819918 (01199991119198) 011
801118 188.

8111111911, nobilis 1090, 664.

9191999 (hus tor 1), 8991111191191111110
19181, 911181. 911919, 91. 9891190911133.

1911910919, 01111910 099, 99819919
81111901011286, 178.

1919991981, 81119999 099, 91111811 011
9111111901 8899011111 1286, 180.

91991998, 999881 (1288 3), 239.

Amorem, 81110911, 8111111 1295, 413.

1911109191 1. 91991111.

919111 (mete), 91181. 91981119), 91.
2191190918 133.

91911119 (8911109199), 91181. 8910911,
1310190918 182.

8919199899, 9901119 1090, 664.

9199891, 91988109988911 163.

1901181, 191011819811111111099 1288,
86 i 1991, 161.

1999119 1. 9191991.

9190901991 011 1111119911. 9111819192.

911101101991, 3811111111 0911 1281, 130.

91110911(Α91181, 1191181), 911181. 81198
1981, 01. 9111119οτ911 288, 385.

19198911, (80111910 0911, 9119881, 199111
0111810019 (8111198191 1288175.

1198919 1. 011811.

9198110111, 81911 590.

9198110111, 8111111910 099, 9998811281,
29, 391 1261, 153 1 1299184.

9981199001(Α9811199111), stt. 1111191111,
91181891 439.

1911119 1. 91111919.

91911119 (19111119), 91. 811119019891118
1811117, 00, 82, 188, 377, 100, 533,
074. - (8190811181230. - 911910
019199 9901918 099 8901980118, 1819811
099 8119091918899011111 1288, 230.
- 81911118. 1291, 100, 9091 2191919
1299136.

91911191, 8101119 400.

91911191 (nehem), 1811110910 099, 98991
01111111 9101811 1283, 107. - 2119110198
0911 1281, 130. - 01119910, 8191111198

1191011819 1. 11901181.

191119999881191999,989901019811189
1991, 188.

919119, 91181. 81181, 91. 8111190111 171.
- 39099918 099 1282, 63.

91819, 90111118 099, 11119811 099 81108
11911119 1281, 28. - 1198999 11110811
91999 099, 11191 8111011, 3111111 1281,
28. - 8911999099 1227, 1998111111)
- 8110910 099, 999881 1298179.

889101191191, 81191111) 1283, 1071 1390
092. - 8911999, 1119109119 1308092

18911Η91919(91110111)911), 8911999, pelli·
fex 19 918119οτ011 1299118.

91109119, 8910111119, 0180111191 81190
1299, 289.

9111909118891999 0999911881 1298301.

1189991111, 0191811 1190 9111199011, 9899
0101111 91111811 1296, 109. - 381ι
9111199011.

Aries, 81191111 8199991 1288103. ‘
8119191111 1291, 330 (9899011119
81110111).

9111111191 (11199119), 81119999 099, 10111811
1091911 1288161. — 990911 099, 1119ς
11111 1910119019 1190 8899011111 1. 80
99011111. - 9911190 099, 1119 811100
1287, 219.

91191911, 81110191) 0911, 0111111 1292, 351.

9119119118811911111099,9119881,1288,230.

91111910, claviger, 19 8899011111, 1288, 212.

9119910, 1111111111 (magister), 9111911018
1 89911119191110111 91911 1292, 3101
918 † genuum 1298, 008. - 09811
19018, 111111 99110112983101 1298,
008.

9119910, 9991191191 19 8899011111 1298,
031.

91198098, 01191 9191111110 099 1257, 689.
- 01191 9901918 099 1282, 62.

9111180118, 9191111, 11119811 9318990 1287,
221.

9180111(11901111),01.918998,901018111111.

9111010118 (1119101181), 8911111911 099
1283, 101. —- 9011011111 0998991019
19 1389901011 1. 0.

91183139 (gehen), 9118193111111, 99801118
, .

 

