888ςί888.

88 tor (888888), 8888878881
neges 88781. 88888, 88. worm
0 f. ς88888888.

8 (Ebbinghove), 888888 888
79, 30.

&rdet 88 &wigerum 311 8878
785.

90788 78 8887888888 Ῑ. 8.
serviens ecclesie 1090, 664.

ι, 888888, 8888880818 80888
amne.

Adikenhovele)‚ 88888. waher&
t. 88188 385.

ominus 1991, 307.

rpe, 8988888 888, &reb 888
tuf in 8788, 91881 88878888
195.

»vele (88818τὶ18. 88879189), 8888.
8188, stt. 8881881 385.

888 31¹ 0888888888 1998, 418.
1088878881. 07788ὒ18888888ε
888 888888 888888 888 &tou
8878 1989, 850. - 88888888,
bet 8881888878, 388888 888
8, 188 88788 1989, 850.
(Ahusen), 81871 bet 8888878888
mittet„ 98781. 878888, stt.
8888 89, 188, 814.

r 888888 888, 8871881800, 577.
81888 888 888188888888 807,
- §lube 807. - 5Bfuttet: 8888
1987, 807. - &menet 87888 588.
8118818 888, 888888 888 &obn
81888888. - 8888888 888,
timet 9888888888 f. 8. - 302
888, 888888 1898, 518, 1900,
— 88888188 888 1988, 95, 1899,
8888, 565, 566, 573 (87788088
88888888 8788188), 574, 1980,

818188] 598) n. 8, 857. - 61887888
888, 8888888888 6888888188 f. 8. -
887888 888 1889, 437 1897, 887. -
8887888 888, 6888818788 78 1388888088
ἱ. ὓ8888888.

8888888, 888. 818 84, 88.

81888188 (Albrachteslo), 8881808888
ott 689.

811888, 87788, 58880 888 88018878 888
87708188 1888, 198, 1888, 888. - 881.
§branc 8188888188.

811888, 5Bfuttet in 88780888 1897, 498.

818888, 388888, 1888, 838.

Albus, (8888888 1987, 898 (8888880888
wne).

Aldenboroh Ῐ. 8318888818.

Aldensel ἱ. 1318885881.

8188818 (Oldendorpe,01th0ndorpe)‚ 88888
8888888, stt. 8811888888 98, 897. -
87888 888 8878888 &osez 8888881
88888 1990, 897.

8888888, advocatus 1800, 598.

81188888 888 motget, arghmekere
(8178888888), 880888 in Dssnuhrssd
1998, 489.

8118888, mmet 78 θ8888808 1998, 518.

8188888818 (penesticus) 88 8188888088
1988188, 1888, 187.

81188818, 881888, (888817 ibt 8888)
(19884888), 899.

81888888, stt. 8888818, 81888888 417.

Altam Portam, sifridus juxta, ossnuhrssdet
880888 639.

811888, 88818 888 1988155. - 388
88888 888, Qualiter 1999, 899 7 1998,
348 (888188).

81888888 stt. 8878788, 8887808888·
ott 464.

91188888(0108868188), 888878), 88881.
88888, stt. 88888888 189.

81881888, abt 01081888 888 1988, 88.

 

