456 11111155-651151551115.

115155, 51115555, 5155115155 3111551 f 1555111155, 51151111, 61511111551111511
638. 1155 315555, 15151 1115555 1986, 191.
11591155 (de Busche, de Rubo), 1155515116 55τί11155, 91511111 5515155119 1989, 11.
555,91111511999,351. - 1155511559 1 6111111111(555951551159)1981,9.
555 5151, 5111195111 15 8111555515 r 6151115,811115,1181155115 gen. 19851111, Ι
θ8555195 555 51155511 1591111151 1989, ’ 1985153. 1
954. - 1151155115 555 95511551 555 clarholte 1. 61515511.
5515, 11111551 1989, 954, 5115151155 555 1 (51555511 (6111115115), stt. 1911515551,
1155515115, 1555 (9155515115 1989, 954. 1111515151 94.
Buskedehusen, 9515511555, 955151 in 1 (11515511, 9151151 19,15,119,199,198,
5151515 1999, 351. 911, 911, 991, 913, 916, 986, 995991,
115151 (8115115515), 3555555511 im 91151. 999, 348, 391, 445, 418, 569, 589, 591.
5551151511, 115. 9955555556 8, 430. 1 - 5115511 9115515 1989, 15. - 81551
Byden (1111551191151. 915515 153. ¹ (6515515 555 (1115115511 1986119186
Byenlage 1. Bigenlage. ¹ 198> 1987, 991 (5555115115511),1995
1 916, 998. - 1115511 5111551151 1911,
³ 418561), 1990, 591. - 111151 511111
591. - 9111551 51551555 9115111991
0· 1 418. - canonici: 11115111151155111111
6515115155, 65155115 5511, 91151115 555 1984, 199, 1999, 999. - 9555111981
’ 1111115515 1151511 1999, 546. Ι 119. -511515551115111987,911.-
651515151, 3555151 555, 1555155155 ³ (51511115 555 1111515 1399, 591. -

1151515 1994, 408. 9151515115 † 1997, 500. - Monachus
(5515581551, (5151. 9555151515, 91511 1151515 81515515 1981, 8. - 8511151555

96, 91. 5555515511 55111115 1995, 991. ⁶
Calveswinkel 1. 9511515111. 55151151 591.

Camerarius, 5151515511 1994135, 613. - 51515511,9115511 5511 1986, 149.

85555518, 9111151 1989, 45, 83(1976), 61515, 55151115 555, consul 111 91151111

1986, 169, 188, 1988, 945 , 1989, 960, 1999, 338.

961, 1999, 316, 1996, 469, 1997, 486, ! Clericus, 1111115515 1985, 161. 1151. 11191

1999, 541, 514, 9115115111 5515 91111511 1 51151, 915555 5511, 519 6511511511 9155111

515. 151111 9515151 1989, 966 , 1151515111 1 5511 91155511 5111555151 grau 1181

555 515 55111. 151565151151115551989, 1 159.

960. 1 0151551115511111115515.

Campanarirrs 1. 1385555151655151511511. 6111515555151151551. 11515111.
6515111151 1. 8551151115. 6155555551111515551115515.
Cancer (651511), 11811515, 9111155 1989, 1 6151, 1111511115, 9111111· 1988, 939.

51, 1151. 1111511. 611151,61111151,5115151151981916, 1195
651551115515. 431, 1997, 486 (5551 5155511115
1155516, 11111551 95155515 555 19911989. ’ 99111511).

Cappa, Dtto 515, &alm 515 91111118 6151511111515151.

1111115515 Salvis 1991, 314. 1151. Salvis. 2 65515151, {sambra 1998, 595.
65555115 1. 9555515 555 1181111115555111. 1 Cocus, 91515115 1996, 449.
651551(115151511191151.11511511,815115 . Colchus, 5551 55 115151. 51111511, 111»

burg 140, 693. - 6151 1115155151 603, 1 11115515 95.

Caris, 5115515 (le, consul 15 1315511551 1 6515515111, &utamur 1996, 416.

1999, 338. 1 65115, 6151 151 111151. 51111511, 111·

6551515155 1. 6555555155. 1155515 95.

6511115, 55115151 1186, 668 Collum 1. 5515,

charone, (11115515 555, 5155111 15 19111551 conegundis filia Regula 15 canantur
1951, 199. 1951, 556.

 

