1111111111-111111111.

2 1. 1111111111.

3111111) 111 1119111111, stt. ἒ

11111 331.

(1111119111, 3111191111, 11111111),
2111, 91. &burg 192, 193, 331,
34.

1111111.

. 11111111.

11, 91. 1111111111, 9111111116, ⁴

rst, 1111111 111, 1111111 1281, 1.
1111111111 111111.

Rietlage, 1111111111 1111 1281,
(1911111111 9111111191) 1 1282,
1 1128911119 1111111 1284,130.
1, 1831 1292, 341; 1299, 5511
1. 1111111111.

,1111111111111 in 1311111111 1292,

111111, 1111111), 91. 1191111191,
1111 9111111111 424, 439. - Sura:
1 133. - 1311111111.1282,14.
11111 11111 21111111 1291, 301. -·
11, 911111 113 2111111111 1286,

111111), 111111111111 111 91111.
1111111, 91. 1111111111 391.

11. 1111111111455.

tet-he), 1111111111 111 1282, 631
103. - 1111111 1111 1282, 631
1031 1285, 113.

1111111111 9111111601. .

Rene), 91111111111111811 29, 30,
21, 218, 291, 354.

1111), 1111111111 1111 1399, 596. -
11 111, 3111111 111 1111111111
11111 1298, 5111 1299, 539. -
111111, 911111 1287, 2021 1291,
1295, 426. - 11111111, 11111
11287, 2021 1291, 3281 1295,
111111). - ganamt 1111, 111111
: 11111111 1295, 431. - 11111111
111111 111 1111111111 9111131111 111
1111, 91111. 111111 291.
effletlage), 91111. 9111111111,
111111 324, 326.

11, 111111111111286, 181. --
111, 11111 1111111 1286, 181.

11, nobilis 1999, 664.

ts, sacerdos 1286, 198.

493

1 1111111111 (11111111), 1111111 1267, 693

(1911119311 9111111111 1288, 232. -

1 1111111111 1288232. - 91111111, 1111
11111111 11111111 1281, 34, 391 1288,
1011 1286, 110,181 1131111111 119 1.
(111111111111113) 1 1292, 342.

1191111111 (1111111111111111111) 1111111111
1311111911 111 111111318.

1111111111, 91. 2111111, 9111111111 316.

Riene, 11111111 111, 191111911121111111
1211, 183.

Rienenberge 1. 1111111111.

1111111111, 9121111111111, 9111111111
Mfflmfflfflmmm

ἐ 338. -- 11111111 1111111111 11111 1284,

1311 1287, 201. - 111111111111111-
mole) 408. - (1111 Vorenbergetbe 11111
311131111111111 (111111111111111 91111.
1111111111) 408.

1111111 (11111), 1911111111 111, 1111111
1287, 212.

1111111111, 31111 1111 Dtt 268, 439.

111111111,11111111111 (11111111) 119.

13111111, 91111 111 51.

1111111111, 911111 11111119 3111111,
18111111 111 911111111118111111 11
2111111111 1284, 119. - 11111111, 9111
111, 9111, 9111111, 11111111 111111
19111111 (11111111111911281,4,121
1282, 65, 61, 111 111 1111111111 gez
1111111 12811191 1298, 522. - 91111
111, 3111111111111111111111. 1. -
19111, 11111111 1111 1311111111 1. 1. -
91111111, 911111111111285, 151. -
11111111, 9111111111111111111911
1. 1. - 9111111, θ111, 911111, 1111111
1111, 1311111111, 11111111, 111 13111111
1111111111 91111111 11111 9111111
1281-1297, 4, 10, 16, 112115, 151,
194, 223, 281, 353, 449, 483, 502. -
0111, 91111111, 1111 1111111111 11
1311111111 1. 1. - 91111111, Qum:
1111 11 9111111111 111 1111111 111
121111111111111. 1. - 111111111281,
41 1282, 111 1291, 4491 1291, 592. -
1111111111282,11.-11111111
1281, 4. - 2111111111, (11119111
1119 &rau 1281, 41 1282111 1296,
4491 1297, 502. - 911111 1113111111
9111111; 1111111111, 911111, 11111111,
9111111119, 2111 1281, 4 11111111111111,

 

