Wenergoom-ffiicbulh.

507

1711111111211111111,1111111111;29111111111111(11111111)212111111111,
2111111 1289, 270. 2111171111111111Ι 1113113111111111111175241
2111111111111, 21111. 11111, 21. 11111111

Wenkerincthorpe 438. Q. Wenckerincth.

1711111111, 1111111), 2111111 1111111
1111111 3111111. (111111. 2111111111
1299, 571.

2911111111 (1711111111111), 2111111148.

2811111111 (Wesincdorpe), 21111. 7111111
1111111, ὓ11111111 162.

7711111111 1. 21111111.

17111111, (1111 11 111 2111111111. 811111,
21111. 2111111111410.

Men (1711111111) 111 2111111416.

7711111111, serviens ecclesie 1090, 664.

Weringesing, 2111111111, 1211111111
2111111 1298, 528. 2111. 171111111111.

2311111, famulus 111 211111111111111
111 2111111111 1900, 587.

2111111, 211111 11 111111 1299, 567.

wernerus judex 1288, 232.

1711111111 111 (21111 220, 233, 237.

menies (Wervingen)‚ 31111111. 2111
111111, 21. θ1111111 157.

. 2111111 (1711111111), 21111. 8111111111,

’ 21. ὓ1111111301.

21111111, 21. 11111 438, 563.

171111, 3111111111, 211111 1290, 3021
1211, 410.

7711111111 1. 28111111.

7711111111 1. 29111111. - 51111111 111
1281, 157.

771111. 21111.

8111111 (7711111), 111111 1111 2111111 1290,

1711111οά1111 1. 2111111111.

2311111 21111 111 2111111 1298, 532.

&eitum (7711111111), 21111. 21111, 21.
2111111111 348.

2811111111, 21. 2111111111, 2111111111 27,

7111111111 1. 29111111.

771111111121111.21111111191211111

1111122. - 2111111 91111111 1281, 122.

2111111111, 2111111111, 21111. 2111111,
2121111111192, 133.

1711111111, (1111111111 11 211112111111,
111111. 9111111111212111111111489.

2111111111111 (171111111111121111.
2111111111 111 2111111 197.

Westerhem 1. 2811111111.

2111111111, 2111111111 111 1282, 54. -
2711111111, 111111 grau 1282, 54. -
2111111), 1111 2111 1282, 54. -
2111111111 1111, 1111111 1297, 479.

1711111111, 11111111 111, 1111111111
1111111111 11111111 1291, 324. —
2111111111 1111 1291, 399 (1111111111
2111111).

2811111111,11111111111111 11121111111111
1112111111111, 211111 1111 2111111180.

2111111111, 1111111 111 1299, 555.

2111111111, 111111, 2111111111 111 1257,
689. - (1111111, 2111111111 111 1282,

17111111, curia (1111 91111. 811111, 21.
2911111111 111111 111211111111211111,
111111) 111 2911111111) 501.

Westhof, 211171 1112111111211111111111

21111111111111, 21111. 2111111, 21.
2111111111 121.

1711111111,171111111123111111111, 1111
11 2111111 254, 435.

711111111311111 111 1284, 139.

Westorpe 1. 21111111.

2111111111711111111111), 21111. 11111111,
1112111111125.

28111111 (Westorpe), 211111. 28111111, 21.
91111111 332, 357.

28111111, 2111111111, 211111 1293, 357.

Wethe, Weytte, 9111111 111. 2111111 11
2911111111 1282, 721 1287, 211.

17111111 1. 2911111.

1111111111. 28111111.

1711111211111111 111111111111111
15111111 1282, 75. 5811171111.

8111111111 (01111111), 21. 211111 4 17112111111111291322-211117111.

11111, 211111111133, 211, 538- 111·

28111111,211111111111θ1111111 1. 1.

111111241-11111111211111111 , 27111111, filius 1111111111 1288, 231 (1111,
211111 1281, 1361 1286, 1881 1289, 1111111 1511111111 1289, 258 (1111111);
217- 3111111(111111111111)3111111 Ι 1292, 340 (12111111), 342 (11111),

1299, 552.

844.

 

