8011111111-0111111111111. 491

1(ῶ11)11111111,11111110.ὓ1111 ἶ &uben (81111111, 81101111, Zendene),
0311111111 1) 566. 1111111 bon 1296, 4491 1298, 520. -
111110,011)11111282,15) 1287, 0110111 1111, 11111111 Niger 1291449.
- 0111 11111 1111111111 nnn 1283198.
'mega - 0111111(8111111111,01111111292, 353.
511111. - ὓ11111111300,598(0111111).
111111 nnn 1300, 511. &cutum (81111111111111),8111101111,
le, 111111. 1011011111 21. 111. &burg 133, 515.
11111111111111294, 391. 8111111111, 1111111111 11111 gutta, 111111
1. Quum. 10111111, 01111111 11111 0111111, 11111 11111111
1, 8111110111283,1031 1285, 1286, 198.
7, 224 (01111111) 1300, 518. - Seppenhage, 11111110 bun 1300, 598.
1111, 0111111 1300, 518. Serra, 1111111111 1111 11111118, 8111111,
1. 8001111111. 2111011011 1283, 99.
6111111111. , Sessekinc, 1811111111, consalin 1311111101
f 1. &dyambum 1292, 338.
1111111111, 111111 111 0111111111 01111111 (8111111), 811111. 01111111,1111111ε
ἰο1111101011 1296, 453. burg 249.
30 1. 0011111111. 01111111111111(811011111111), 01111.
111111, 01111111 1294, 401. 0111181111 bei 811111, 01. 0111111
111111. 111111 162.
1111111118111111111 113 11111111 Sewardinchusen 1. 010110111111111.
1118 1111111118 11 8111111111 01111(8111111),01. 1101111222.
1. , 8111111 1. 811111.
111 11111111 1283, 90. Simelinctorpe 1. 0111111111.
6111111111. 81111111, 8111181111. when.
8111111118 011, 0111111 1281, 8111111011111.
103. - 8111111110(11111101111) 011111, 011111. 11111111, 0181111101011 90.
1101111110111283, 103. 811111, 11111111 nnn 1300, 518.
gest), 01111. 1011110111111, 8111111111, 5111111111 1110 1111111111,
1111111 538. 11111111 1299, 511.
0111111111 111 ὒ81111111111. b. slavus, (11111111, 0111111 1295, 424. -
laicus, confrater 113 0111118 8111111, 1111111013 13111111, 0111111 1295,
11 1291, 303. - 01111110, 424. - 811. 101111.
1181118111 1291, 303. - 0115111, 51111111) 1299, 531.
nb 2111111111, 111111 111111111111 8111111111 1. 001111110111.
91, 303. 0111111101111111111, 1111111 1281, 16,
11111. 201 1283, 821 83 (1280)) 1285,151.-
(8111110111), 01. 011111, 1011111 11111, 01111111 1298, 516. -
111 (1220-1224), 610. 0111111111, 1111118111 1298, 516. -
110101111111113), 5111111111 6111111, 0111 11111 0110111100), 11111
83. - 01111111111299,511. 0111111 1298, 516. - 2011110111,
11111111), 0101111311111111, 1311110111 1111111 1299, 542. -
10111111,01.1)1111486,518. 1811111 1111 8110111 1111, 11111111,
8111110111),·811111.111111 111. Ι 0111111111 1299, 5651 1300, 588(81113ε
ι nnn 1288111. 1 5111111111 0111111111).
110111111111 11. slepedarpe, 811111. 0111111, 0111011111 133.
me 1. 0111111111. 8111011111 (0111111111, 01111. 011111
1111111 011, 11111011 1111 11118111101111, 011111. 0111111), 0110111
1111111111 111 8110111111 1284, 11111 0111111111 1111, 1110111 1298, 530.
1 - 18111110, 010111811111 1298, 530.
1. 1111181111 1v. 32

 

