458

21111111 (11111111), 91. 21111111, 2111111 ¹
1111, 9111111 1292, 351. - &ugo 1111
0111111, 111111 811111 1292, 351.

1111111111 111 1111111111 264.

Delinckdorpe 1. 2111111111.

211111111111, 2111111111111111 200, 339.

2111110111 (1111111111, Derseburg), 91111.
11111111, 1111111111 211111 11111111 01111
1111111111 111 111 111111 11111111 140,
162, 178, 240.

Derseborg 1. 9311111111.

19111111011111, 71111111), 31111111 1111
1293, 381. - 21111111 111, 9111111
1281, 71 1282, 79, 1041 1299, 571.

Detthen 1. 0111111111.

21111111119111111111 11111111 1. 111111
911111 11111 911111.

111111, 2111111011111111 111 531.

Diabolus, 1111111111, 1111111111 111 §Dos ἰ

1111111111111311111111 1295, 439, 441.
1111111111, 81111111 1292, 336.

120111 (Diebus), 911111. 9111111111, 11111 >

111111 111 1291, 328. 1

1111111 (1), 1111111111 (1), 2111111111. 01111111
1111111111. 91111111 121.

01111111 1. 2111111111.

101111, 911111 111, 91111111, ε,11111111 111
(1111111 1291, 324. - 91111111, 11111 ἱ
21111111 1291, 324.

9111111111 (Dichusen), 111111. 11111111,
8111111111 162.

8110111111 (11111111111111111, 111111111-
dome), 6111111111111191111. 1111191. '
2111111 333, 515.

2111111111, 9191111111559, 5601 1111
590. ⁴

1111111111, 1111111111 11111, 1111111111
21111111 1291, 312, 313. - 31111111
111, (8111111111 1111 81311111111ὓᾷιιαι
111111 1281, 40, 41.

1111111111 (1111111111, 1111111111, Τ1111111111),
2111111, 01111111 111 1281-1300, 6,
25142, 155, 159, 162, 178, 188, 210,
239, 335, 367, 429, 461, 467, 469550,
wffifflmffl—mw
11111 21111111 1281-1300, 6, 142, 162,
188, 335, 461, 467, 469, 473, 585. -
211111, 91111111 111111 1285, 159.

21111111111111111111191. 1111111111 119.

21111111, 1111111111 11 01111111 1291,

21111111-11111111111.

21111111, 11111111 111 0111811111, 111.
2011111111 1300, 582.

01111, 811111 1111 1300, 577.

Dinekenberg‚ 8111110 1111, 9111111 1291,
391.

7111111111, 211111 (9111111111, 1111111111,
stomun: 3111111118 1300, 579.

1111111111, 2111111111 1111 1300, 579. -
8111111 111 1283, 821 1285, 1511
1111, 385 (11111111 1111, 52211111
gu 2111111111 1300, 573 (11111 officialis
11 2111111612. - 61111111, 111111
2111111, 0111111, 0111111111, 8111111,
cognati 31111111 1300, 579. - 511

, 111111 1111 1283, 82.
’ Disne 1. 21111111.

10111111 (1111111111111111, 91311111, 1111·
dum 11111 9111111111 133, 194, 223, 231,
256, 262, 362, 435, 480, 518, 522. -
0111 Woerden 71. - 6111011111
2541 171111111111, 1011111111 435.-
&the 1111111111 (7111111110435.

11111111, 1111111111 1111, 1311111111 811111
1267, 693 (2111111) 1 1282, 691 1211,
1901 1288, 231 (8101112461 1111,

² 2601 1291,330(ῧὼ1111)1 1111111111

1111111111 1¹¹ 9111111111 1283107. -
(11111, 1111111111286, 190. -1111

1 11111, 11111 2111111 1288, 190.

1111111111 1. 2111111111.

Dodelinglmsen, 21111111 111 1111 8111 1
11111111 1294, 399 (1111110111811111
01111111 1. 11111111. l
1011110111 (1111111111) 11. - 71111 1
provincialis 439. - 811. 1111118111· ¹

111111, 2111111111.

50111 (1111111), 91111. 911111111111
91. 11111111 321.

10111 (Dodo), 9111. 011111 1. 211111.

1111111111 1. 1111111111.

1011111111, 0111 11 911111 294.

01111111 1. §Durum

1111111111 26, 32, 36, 33, 41, 126,116
111, 111, 1111, 113, 111, 111, 111611

1011111111, 29111111 1111, 1811111111ῐ
1011111111. ῦ1111111111.

1011, 111111 (111 1381111111) 653.

01111111111111, 111118 auf 011 31001αδῐ
ῦ1111111111599.

nalstede, 11111111, 11111 111, 111111
111911111111111110283),1411112811ῐὸ1·

 

1

