9199991915-11199199. 479

5] 1287, 205, 1291, 319. - 1119119, 3199119191 189. - 81199 59199191
11915999 1297, 478. - 1199991919 Quum 1289, 251.
93, camerarius 1287, 205. - 1019119,11191999999(91191999) 163. - 591
8, hospitalis 1287,,205, 5999 9951115119 367, 559, 560. - 591590.
199 1297, 478. - 21919199, 1 1119119, 21159995991288,231(93995911999
959991991287, 205. - 8⁰² 391519), 246. - 3911999 5991292,
custos 1297, 478. - 39199993 842 (9899591999 3915119) , 1295, 418,
9991915) † 1282, 75. - 599 431. - 5919919 599, 9899593999
999 ὓ39959191 1294, 3919. 11119999 1288, 246. .
5, 3919119 599 5999 3191999 43, 11199599, 59199191 599, 1139191999 1296, 418.
11999119995999, arbor perjura (591 Deua:
e 1. 1819999599. 59192) 383.
91 1559911995 599 5991289151, 11999919, 1199939959, 85991995 599 1286,
75 (919 89999995 5990199199 178 (119911 19 9991995999), 1287, 202.
9119959991 1287, 202 (5391. - 85919955993991191286, 175,
nculus); 1288, 241, 1293, 383, 1288, 241 (9111199).
39. 9191995999 623, 628, 633 1199999991,1115995,01919991981955999
199999). 1298, 527.
91 (Marcwordincthorpe)‚ 391191. 9199919999199,619999 599 1300, 598.
3. 3119931999, 39. 8991995919. 319919 995
19), 39. 1119111911 367, 559, 560. 19999999 81. - 21τῴ1519199 9195911,
,511351919359915991294138, 1199911999 19 munnam 1283, 81. -
3199119191 279, 385. - 19199999 11199-
1999, 199. 991 1999, 389.
,21981919996999 412. 8119931999, 89911995 599, 9899591999
89999191). 59919, 39191. 21119 11199999 1289, 270, 1291, 312, 313,
39119919959191 154. 1292, 342 (39115119).
9, 11119191 915999 599 1298, 11199999, 1119919 594.
10191999, genta 599, &obn 599 5999
91. 9199919999. 119959999 59199191) 599 81199199 1290,
m (199999999139191. 59919 294. - 959 995 999919, 19199
³) 153. (9919919999, 5995919991999193991199
99119999 19 1339959199 1281, 35. 999 31999 995 59999999 899191 1290,
59199191 599, 3999199 1296, 294. - 3911999 59911191991917699
59191639. - 8995911599, 9999595199
(1191919191, 311911 599 89999191. 11199999 1293, 385.
3919119911959199199, 39. 173 11999599 1. 91999999.
169. 1199991991, 591991999999999111191) 19 D&
9 (1191919919), 39191. 819999, 9959119 1300, 593.
995991133. 91991915 (1199999109), 5999999 599,
8119919999. 3999191287, 217. - 59999999, 5919·
9 1. 3119995991. 919119955999999 599 1900, 582. -
199995 1283107. (1919991 995 59999999 999 615-617.
medentum), 39191. 11999, 39. 119919 1. 811991.
98. 1119999999,3919139919919191391899999
um 1. Menedigenbom. 5991397.
eniens ecclesie 1090, 664. 31199199 (Menneu), Dtt 995 3199119191,
9999, 59199191 599, 9399591999 39. 8991995919 314, 377, 517, 566,
1284, 130. 585. - 39199 39199993 1300, 585.
,1199919191 11199199 (Menneu), 8995999913 599,
59999999 599 1294, 398. &mester 1299, 370. .

 

