Heeorne-berfnrb. 467

e, 39. 999 0. 999, 2390999, cives

ngtet 1289, 248.

eke (599999, 99. 2199093) 239.
51999999 999, 2991991909 19

999091 f. 09999909.

91911, 5919915 999, 9999989999
&teia 1292, 333.

9 f. 5959599599.

91. 8195999995 455.

199), 99. 215999, 9999559191 441]

Heyeh.

jHethe), 99599. 2515590599, stt.

99909 135, 536.

[Herde), 99199. (51995919 390, 451.
9999999959 216.

99991999 999, 999999 1294, 395. -
tin 999, 509999 1292, 45) 83

),· 1299, 961 1295, 168, 1289,
1299, 260, 1293, 365, 1295, 426)
99, 59919999,9399590599231”19999,
99, 19199 &tuuf 5999995 999
99, §eine 2999999 1297, 693.

Ι) ἱ. Η999.

1, 2199959199 1283, 107) 1390, 592.
95999, 5999 (5959 1999, 592.

, 9595959599999199 1294795, 673.
, judex (19 0999999112) 1292,

9, 89999999899191999995999959
fficiam 999 ς59995999 999 0999
99999 1295, 418.

’999 (Η999999, Hethus), 93999955.
9599995, 99599. 2899999995 203,

89999999 999, 9999991290, 302.
area quondam, 19 9999959599 246.
domina, 50999919 in 5999999991
(Helveren), gut 59999595. 2950599
9959995, 99591. 951599 194.
9999999991.509999935995212.
e 5. 5905995999.

(Η911919), 89995999 999, 99999
9 2599599 1300, 584.

e, 2895591999 1299, 231 (99999
9315959).

999199, 5905511599 3999999
ebus), 59999595. 395999, 99591.
9405.

Hellinch, 59991999 1299, 259 (consul 19
9399959911) 267.
Helmericue, consul 99 5999159999 1292, 338.

, 1191111191-5999, 23999955. 899999, 99591.

9899999999 410.
51919ιί99949199199995 99999999 §Dictae
999 2515999995 1300, 587.
Helmieus institor tune existens loeo ju-
dicis (19 5899999909) 1282, 74.
Helpineten, Theudoricus de, 5999999999»
99999 auf einer 909511959955909 1295,
160.

Helreding, 5999999, 9999990999 2599999
1298, 506.

Hembeke 55999919.

5999919 (Hembeke), 99. 5995999999,
(95919999 999, (5915935999 311 (59. 3⁰⁵
bunwssssnubtficf 5. 9, - 59199195 999
1291, 16. - 59199915 999 junior 1292,
340 (9999999999 2559999).

Hemenhusen, 28999999 999 1285, 142.

5999395999 (Η9199999199), (5991. 9999999
9999, 9399995999 474.

5999919905999, enutrite. 8999991, 05991.
9999999995, 9919999999 474.

5999995919 19 (59591999, 99591. 259999, 99.
5995999990 28, 302.

Henninchem 5. 5999999999.

Henninchus 599 595999 451, 510.

Henrieus frater 1287, 207.

Herbergen, 2999 999, &teter 999 099599
999 3991999999 1289, 195.

5999999, famulus 9199999999 9993919999
1291119.

59999, 59999999 999, 9959 59199959
1991, 399.

Η91999199, Η919ο199, 59991999 999,
9919999 1286175, 1288, 241.

Herekinc 5. Hirrekinc.

Herevelde ἱ. 59995919.

5995999, (39999 5, 184, 185, 222, 236,
285. 317, 351, 416, 461, 561, 590. -
9990099959 351.

599599929995999919991285, 155. - (899
999559199951285, 155. 891. Gogravius.

5995999, 219991 365. - 2959559 3999
1299185. - 999599 1995999199,
185,· 1999, 954. - 9999999 {emente
999 2899999599 1299, 397, 1291, 304.

5995999, Ministerieles ecclesie Hervor- η
densis 590.

30*

 

