502 1111119-11111111.

’1111111 1. 11111111.
Τ1191919911, 1111191111 191 1290, 291.

21911, Dttu 119, judex 111 1119191911,

9111111) 2911111119, 9111111, 51119111, 1

i 2191111 (de Twenthia, Thvyent, 111119),

1111191 191 1289, 258 (consalin
θ911111111) 7 1292, 310, 312 (61111191
1298, 505) 1299, 512, 556. - 11111

3111111111, 9111111191111111911111119 j 1911,11191ῧ1111299,556. - 911111,

191, 2111191919 91 91111959111290, ,

1111 &obn 1299, 556.

291. - 6111119911,1111111111111111 ¹ Τ19111. 0911111.

1991 191 11111111 1290, 291.
Thymmeren 1. 21191111.
11191111,ῡ11111111,611111 11 91111111

1298, 521.
11111111,81119111111111111111111121111111

1291, 108. - 91119119, 11111 &nnn

1291, 408.

1911111119 111, 19 9191111299, 512.

2111919111 (1191111111), 911111 11161919 ·

191116119191191. 1011111, 91. &burg
362.

219911, 9119111111919911 160.

291119, sacerdos 1213, 615.

2111111 (1111111111), 1011911 1289, 262.

21111111, 5111111, 9911119111 611111
613.

211111(Τ1191ο1111119), 9111199, 21111111
111 9111199 652.

52111111, 1111111 91111 51119191 111
9119995111 1281, 111.

<1911111111, 61111191119111191119 1290,
280.

Τ19119119119 (1111999119), 1111111111,
191111111111111 11111111 1291, 109.

Tremonia 1. 9911111111.

1111111911, 9911111, 1191119911 11111111
1299, 516, 511.

Τ911111911111, lund] 1289, 258 (consul 111
ὓ911111111).

11111, 111 1. 1111 21191111.

2991111911, 21111191 3111191119 1111287,
208.

Tuteke, 1111111111, 219111111111111111111
burg 1290, 291,

Tutingen, 9111111911 119, senior 1289,

213 , 1291, 999. - 1111911911 1299, 1

359.
Tutingen‚ 11911199 19Ε99111119 (1292),
344.

11191111, 13911911 191 ῑ111111111, 911111- ’
tus terre 9111111 3911119 1111 39111111
655.

2191111 (191111), 391111 191, &tabu
1111111 111 1391111111 1292, 693.

1 29111191111091111991) 511 2611111111
, 613.

Twisle, Tvisle, Tvislo, 61111111 111
9911111281, 7> 83 (1280),· 1291, 108.
- 51111111) 199, 9111111 1291, 1911
1299, 151. - 1911111111 191 011111
29111111 1286, 191. - 61111111, 111
111111, 6111111911, 5111111119 9111111291,
151) 1299, 565. -191111119111919,
611. - 1111. 6119111.

Tynen 1. 211191.

1111111111 1. 3111191111111.

11.

11111911119111111 11 9111111111 111.

1111119, 91.291111111911311.-1911111111 Ι
1119111111 311.

11111111 (0191), 91191. 2911119111911119
210.

0111111111111 (1ο (1111111111111111101
91191. 19101111111119111210.

0111111111, 2111 191 1300, 519. - 91101
119 1300, 519.

1111111119, 91191.1911119111),91.61110
825.

Uncus 1. 11111.

1113111111, 11111111111281, 121) 1292916
(9111111).

Ungenatbe, 1111111111, 9111111 1293, 351.

1111191111, 61111111 (11 89111111)
1288, 212.

11111111, 51119111 1300, 519.

1111191, 91111. 6.

11111111119111111, 19111 51¹ 6111111111
111 1919911191 615.

11111119 (6111111), 91111. 91111111,
11191111 199, 1111191111111111ὄ1119

ἶ 1292, 333.

6111111· 11 3119111119, 1111191111 &niw-
1111901.

Uptorpe 1. Dbetbnrf.

111111111111111119. - 8111111 919 966.
- 199111191111211.

 

