Valebracht-Vellepe. 503

ht, 31111111116111, 31111111 1282,

1163.
1111111, 911111 1285, 163.
s, (1161 im 91111. 91611111 364.
11, 611 111 239.
11, (61116116 11111221-24),
- 16116116 111, 6111111, 118
1111 1111111 1291, 324. - (811
1111111111, 61116116, 1111116116,
111, 11161111 1116 6111116, 81611
111160116116, 116 ,11111 011ι
11116111, 6111 1911116111 111
111116.- 2111111111,9111111
51.ξ1161111ι1ἶ181161116 1. 6. -
6116, 6111111 1282, 66, 1285,
1291, 178, (1288111239, 1291,
291, 326, 1292, 341, 1295, 436,
’133 , 1299, 669, 660, 666, 1111115
16-628. - 811116116,6111111
1, 219, 1291, 926, 1292, 911,
26436. - 1111611111,6111111
6116111111 591111 1285, 167,
126, 329, 1292, 360 , 1293, 362,
120, 426, 434, 436, 1297, 477,
1299, 669, 660 , 1. 21. 644, 11
1111111 360, 362, 434, 436 111
- 3111111, 211161111311111,
6 1116 (61116116, 11111 31611,
11161, 21161619, 06116116 116
11, 11111 3116111 1295, 420, 436.
111111, 1111116111 au ὓ311161611
911.. - 31611111, 911111
124, 326, 1295, 426. - stunc:
3161116 11111, 2311111111 1111
11111 911611 1291, 324, 326,
426. - 611116, 911111
16, 1211, 193, 1289, 249, 1291,
1296, 443. - 1111611116Ρ1111,
163111 1288, 196, 1289, 249
11111111 11111111.
91. 91181116, 11111111, 1111111
1131287, 221. - 1111111273,

Qmmmmffi
1, 612. - 161111 9111111113 1111
11 1288, 246, 1292, 336, 1293,
- 211111 9111111 1116111 111
,1 1298, 622, 1300, 679, 603.
111111 3111116111 111 8111161111

’ 11116111 1283, 98. - 0161111191111161116
Ι 1118161111 1161116111 111 21116
’ 1111612. - 8111161111 82, 98, 274,

279, 336, 392, 679, 603. - 13111111
66111116 1299, 279.

1111111, 1616111 1611611 111, 21111111 611
86111111 &utta 111 2111111111 1281,
31. 2113 † 1283, 87, 88. 311. 91111111
6111.

2111611 (1111611), 8111116111, 91111.
8111111116, 91. 2111116111 127.

2111611 (Wechte), 311116111111181111-
11111), 911111 1292, 346. - 816111
1116 (11116116, 1111196611, 91111111
1292, 346.

1111611(17111111,7111111, Vechta)‚ 816111
111, 1911611611 11111111 1291, 330,
1291, 118, 1291, 137, 1311, 684. -
2111161111, 11111 1111111611116111, 31111
61161116216111, 11111 3161113110, ·

Ι11116111 (71111111), 91111. 1111111, 91.

2311116111 286.

71161161111, 6111111116 111, 6111111 1288,
175.

Vechtlage, 1111161116 1298, 620.

Vechtlo 1. 8116111.

7111111111, Wughtorpe, 2111116116 111,
3111116111 ,1 (11.816111ιο111611111

2111611111 (7111111111, 7111611111) 611
5111111, 6111116 111 1284, 119, 1291,
322 (6111111).

1111161111, 61111116, 911111 1297, 499.

11111111, 31116116, 6111111 1288, 246. -
13111116, 11111 2116111, &tau 616 6111
011161 1288, 246.

7111611. 2111611.

Vegthorpe 1. 81111111.

11111111, (8116116 1111 13111, 679.

3161111711111) ....... 1111, 9111111
1311, 588.

11166171111111), 91111. 1116611111, 91.
8111116111 100.

3161, 31611113 111, 1611616111 11111
6111 1. θ611611111.

71111, in (111 6111 311161), 616111 611
1111111116. 9111611611, 91161. 21111111
1111111 611 2161611ὓ1611611182.

vellepe (211111, 31. 2111111111), 01111
6116 1119111111 1299, 667.

 

