480 metam-mamam.

2110101011, 91. 8111111011, 91110101 441.
- 81111; 01111101 (8011101 (000 m
10101) 1287, 204) 1292, 348.

1010101011, 18110 1011128083. - bet:
010110 0011 1280, 83.

11011010, 80110101001288, 198.

1101110000, 111. 2001001010, 9111110101
133. - Sacerdos (0100 2100100) 614.

‚ 111011100οη, 010110110001284,130) 1292,
8481800110 1295, 480) 1299, 882. -
801000 1011 (in ὓ80011081)888. -
0010οτ1 10111281, 31. -80100111011,
080011101οτ 1100111101 1. 1110011110.
(8110111 0111011010011011010000001.)

11100, 00111010002011 208.

1100101101, 01101011, 18111100 81011118,
1111101110 10 8800111111 1288, 183. -
301000, 1111011 10 8811011011 1800,
884.

1011110οΙ, advocatus 1300, 898.

1111111010νο, 01101011οο0, 8110110 10
&edum 1284, 129.

1111110, 80101111 1298, 820.

111Ηο (91101. 18111001) 382.

11111010 1. 9111110.

01111010, 1101001 001081111οτ 1280, 83. -

8101001 00180101000, 11000000 1280,

83.

1111110 (11111010), 91.18010111011,9111110101
161, 439.

0001001000, 911110 (1111011100), 91101.
1111081000, 111. 8011001100 84. -
90100 28111111 1282, 84.

11110110,81111238,481.

11110100, 1110101000 480, 642-8-11101
8010 010 1281- -1292, 8, 33, 88, 149,
201, 228, 281, 288, 332- 11111101
1100101 1223, 381) 814-11110101
801011 1228-1300, 413, 890.

21110100, 8001010011 8011110 1295, 442.
- 80011011901011 000 9111111101 1287,
219) 1293, 378) 1. 0. 8800111111,
5001111011.

11110100, 110101111100111101101 819. -
80011011000101101 1111111111 1282, 288.
- 8011011 1228, 819.

11110100, 81111 81. 21100110 0018101000
83, 88, 378.

11110100, 81011 659. - 1111100111 11100
0011 811110 659.

111110111000 1. 0110001000.

1111110101ηο (11010101), 91101. 8111011011,
91. 810000 183.

1111101010110,0011011, 0800110811 811011
(1292), 314.

91111111 (Monachus), 00101111, 0800111111
1101001,801101011,1010001001800899.

1101010110, 1101. 100 101 11101100.

1101011110, 80101011 110, 11111110
1101101101 1299, 811.

11011109 101 1801001101 449.

Monachus 1. 1111011.

1101000101 1. 11111011.

110110, Begenhardus de, consul 11100·
11011 1292, 338.

110110, 110 1. 111100.

1110011010 (81110000), 81011100 000
100, 201101 108 810100 0110111
0000081010 001 101 800110 10081111
1281, 31) 0011118111 mit 18110111
8010 108 0110100 000801110010101111
87. - 1297, 491.

11011010, 1100000 102 8010001010 (111 ¹

81100000) bon 810001111001081011001
1101901011211011100 Ι

2110111110101011011 100 1299, 888.

21101000 (110ηο101), 811011 1011100010
2111110001, 91101. 1800011011, 91·
8800111111 48.

1110110101, 1101110101, 00101111 1111
010101 101 01111100 nm 8110111111
1200107) 1201, 120,Ι 1291, 1011
1299, 557.

1111111011 (111101), 8000011011 im 11101·
8111111111, 1311001010 178, 483.

21101100 (111101), 80100008 1298, 483·

11101100 (111101), 81001100 010, 811119
1287, 200.

1111111011 (110 1101011110, de 11010111ιῦο
dominorum), 81000001000111,00ωα
110110121010111288,231) 12904ὃς
1299,881,1900,893.- 011οστ
1110 1110101 1288, 231) 1228, 481 4
1101011110 (101110101008001111ό
18111000) 1298, 828, 1800, 893.
(8111011 000 111 1288, 107) 1?
343. - (80110110001011228, 418,
8011011000101,11111111 10 111οί1
1011 1287, 211.

1110110101 (1111111οἰ11), 801010 000 19⁴

 

