mtunmm-nwerch. 459

1111111111,01111111),111.2111111, 1111111111 f.
1111 1282, 45 (1111111111 211111111511111111111,1111111111111)1111
13 (1280)) 1202, 333 (11111111)) 111111.
1(1111111111111118111111111· ’ 2111111111, 1111111111 111, 1111111111
1. - 1111111111111111111299, 181111.
1111111, 1111111111 111111.
0111111111. , 5111111111, 3111111111 111, 11111111
1.181111111),111111116.-111ι “ 111111.
. &nentes 51111111, 111111 111 51112
511116. - 1111115111 1111 1111111 1121111111111 1111111111.
01111111) 1281, 61 1285, 168. 51111111112111111111 11111111111111
1111111111 (111 51111111) 1291, 551111.
¹ 111, 1111111111, 11111111111111111111.

1111),Ωτ)11.1111)111,11.1111ε 1 Dubboldus 1293, 366.
81,140. ] 11111111(11111),111111111511111)11).ξ111111ι
11111 111 1298, 530. ³ 1111, 111111. 1111111, 1111111111 111,
1111),111111. 211111111εῄ11 111 6111111111 1111 813111111111111111
3111111 111, 11111111, bauai: 1. 1.
11 1311151111 1281612. - 1 11111111,(11111)11)1111111.1285,155.

111 1211111111, 11111111, (1111 11111111, 1111111111), 11111111, 1, 1292, 339.

233, 612. y 0111111111,[111111111111111111111111111111
'. 1111111111, 3 torpe, 3111111 111 1289, 2581111111
11 (8111111111 1111111111111) 111 ὓ11111111)) 1293, 316 2 1291, 486)

11111111 2111111 111 1111111111 ³ 1299, 542, 565, 514 7 1800, 584. -
1) 1285, 1431 1286, 181. - 1 11111111, (8111111, 8111111 111, 11111111,
51111111 (1285), 1431 (1281), ff 11111111111111111111 1298, 524) 1300,
21)11111111111111111285,1431 Ι 583.
1. - 1111111 1111111) (1285), ; 1111111111111111, 1111111 111111111111
86), 181· ³ &inteffictf 1283, 101. - 11111111, 11111
1111111111111111111111 1292, 1 11111111 11111111 1288, 246. - 01111111,
1, 3951 1295, 431. 1289, 258 (consul 11 Ε1111111111). —
pifer), 1111111 11111111 1288, 1 1111111111, 51111111 111 ῦ11111111 111
,2111111 ¹ 1111111111 111 1111)([111111111 11111111
11111), 5111111111 11111111 1281, 1 1299, 513. 2111. 1011111111.
[1111111111111ῧ1111 1281, 20. 1111111, 5111111111 111 111111111111290,
294.
Πῡῐῑὶῐθῑῑῑήθῑ ‘wit- ς 5811111111, 51111111 1292, 342 (18111
1111, 1111111 1111, 1111111111111 , 11111111 11111111). - 1111. 11111111.
1111. 3 111161, 1111111, 1111111 1111, 111.
11111111, 11111. ζ Dum, 18111111,111111111111299,551.
11115111, 11111. Dute 1. 1011111.
, 3111111, 11111111 111111. Dvarigh ι’. Dwerch.
,111111111111111111111111111. 11111111] 11111.
111), 11111111111111111 ‘Ernst 11111111,11111111,111111111111111111111111,
11111111 1111111, 111111ῖὶ1111 1111111111 1290, 281) 1291, 313,
(11111111) ; 1294, 3911. - 1111111111,
111111, 1111111111 111111, laicus 1288, 516 (51111111 111 21111111
11,1111111111)11)111111)1. 111, (1111 (1111111) 1 1298, 542 (1111
31111111,11111111111111111. 11111111 11111111), 552. - 011111-
11111, 51111111 111, 1111 111111115111111111288511-ῧοε
11 111111. 11111 (111111) 1297, 492.

 

