811111-18111111. 451

11111111 1291, 322. l Cute, Theodericus cum, 11111111 111 3111
:ere 1. 1111111611111. ’ 1111, 2111111111, 111111 grau 1298, 382.
1. 91111111. 1 6111111111,11111111118111119.

ι, 2311111111111111 1287, 200. 1
1 (11111811111111191111111297, Ξ

Ι).

11, 6111111, 1111111 1291, 479. 11111111 (1111111111), 8111111111. 11191111.
1111111 296. 1111111111 125, 319.

1111111111. . 1111111111111111111.

redo, 81111111 1111, 11111111 1281, 3 1111111111 (3111111111), 111111. 11111111, 91.
1147611281, 1311 1287, 205) 1 &burg 133, 362.

26. - 2111111, 3111111111111 1 311111111181111111.

11111 1. 1. - 1111111111 1295, 1111111, (111111111300, 602. - 11111
298, 520. 1311111111 1111 627.
11111111, consul 111 811111111 3111110111111),81111111111111111111111,
38. , 111111. 911111119111111111111 133.
1111111111 (1811111611 11111111) : 21111111111111 (munchusen), 111111.
116. - 111111111111111111111 18111111 162.
11292, 351. Dallethen (Dalseten apud Soltesberg?
3111111, 1311111, 11111111 1282, 8111111111, 111. 21111111) 571.
(1111111111 dictus Crevet 1285, §Datum (Dalemen), 111. 1311111111 153.
-9111111111,31111111296,449. 11111111, θ11 1111 1111111111 118, 461
11, 31111111, 111111111121111111 469, 516.
65. 1111111111, Dansevoet, 23111111 gen. 1289,
11111, 1111111111 1111 [111111 1111, 831 1299, 571 (8111111).
1 111111111111111111111111111 1811111 (Dodo), 8111111111. 11111111, 9111.
1 81111111 1293, 358. (111111, ὓ1111111111 474.
111121111111111111111. §Durum (3111111111, 91111. 81111, 111.
1111111, 11111111111ὓ111111111111 ὓ1111111111461 6111 1111311111 46,
91. 531 (1111111111 111 Fonte).
ᾒ11111111118,9111111111111286, 191. Durum (Dornhem‚ Dorhem, 1111111111,
111111), 81111111 3111111116 1111 1111111111 1111 1287, 2101 1289, 258
1801 1298, 503. (consul 111 ὓ111111111111 1291, 330
m 1. 3111111111. (1111111111 1295, 4161 1296, 447, 4591
1111111, 16111111111111111111 1296, 1297, 486. - 2111111111 1111 (1111111121,
11111111 1286, 111.
1111111111, 8111111111θ31111111111 1 1811111, 911118111111111(1111111111]111111111
11, 111113111111111,311111111, 1281, 12. - 18111 8111111 1111 1282, .
11, 2111111111, 11111 1111111 1300, 161 1296, 449.
5811111111] (Daverenburgh‚ 11111111·
1111111111 1298, 505. - &onaan berg), 91. 21111111111111, 8111111111 1111,
393 (1111111111 18111111). - 11111111291,322.-1.11626.
τ 1809, 584. ’ Daverenberg, Daverenburg 131111111111.
. 91111. 1111111, 111. 2311111111( 1111111111,11111111111111111111111149.
Dedecowe, Vulferusd0‚ 3111111 1285168.
293, 500 (1111111111 11111111. 1 111111111131111111.
11 1. 9111111111. 1 [11111111111111 1. 3111111111.
’11, 1111111111 1111111111111192 1 18111111 (1111111111, 1111111), 21111111 1111
1111, 180. - 1111111111) 1111, 1131 1115, 1531 1111, 214
ὓ11111111111294,404. (31111111) 1300, 518. - 23111111 1111
1 1. 9111111111111111. 1286, 153.

 

