4 1281

4. - 1281 112811111111111)

11111 11111111111111111 11111111Ι 1111 11111111111111111
11111 in 111 1111111111 Belledhe in parrochia Hoswinkele (1
11111. 1111111111) 111 11111 1111 8111111111 111111 8
Ottonis canonici Paderbornensis‚ Symonis canonici Osn:
gensis, Frederici, 111111 6111111111 11111111, 111111 11111 11111
111 1111111111111111111,1111111111111111 1111111111 111

1311111111 6111111111 1111111111. 111111 11111181111111. 1111, 6
’ 1111111 111111. w. ΠΙ] 111. 1122.

11111111 MCCLXXX post purificacionem b. 111111 virginis. 11111 1
11111111 1111 111111 e&tun 111 1111111111. 1111111111 De 111111Β111111111.

5. - 0111111111, 1281112801111111121.

1111 11111111 11111111111111111111 111 11111111 1111 21
1111111 61111 11111111 111111111 111 1111111111.

1111111111 111111. 11111. 111, 111. 16171 1111 11111 1111111111 111 61
111111 1111111111 1111 11111 51111111 in crastino 111111Μ111111 apostoli,
Domini MCCLXXX. 1111 1111111111 111 111 111111 11111111 111
1111111111 1111 1111111111 1111111111 11 6111111111 1111111111 111 111
MCCLXXX nono, 11 111 11111 1111111111 11111 6111111111111 11
1111111111111111111 11111 11111111 111 1111111 nono 11111 1111111
11111 1290, 11111112111111111 11111111. 1111. 111111 111. 285 1111
111111111111111. 11111 1281111111121 11111111. 1411. - 11111
111111 11111111 1111 11111111 11111111 1111 111 111 1111111111 111 61111111
11111111111111111111111111 11. 11111111 1300. 1111. 11111 111, 590
111111111111111 11111111111111 1111111111 111.

6. - 1281 11280), 111111 1.

11111111 1111111 111 1111111111 1111111111 11113111111111111 1

1111111111 111 111 1111111111 1111111111 1111111111 1111

111 1111111111 11111 111111111111111 1111111111, 111111 1111111

111 nom 11111111 111111111 1111111111 1111111111 11111 1111

111111111111111111 11 111111 11111 1111111111 1111111 111

1111, 11111111 111 1111111111 111 611111111111 1111 11111 1
’ 1111111 1111111.

01111111 1111111111. 111 1111111111 1111 11111 1111111111 1111
11111111111111111111 11111111 1111 1111 111 611111111111111
611111 1111111111111111111111118. 1, 1111 1111 [11111116

 

