Nulle-Ole.

1191. 91119. 1
111, 81111 111 1298, 530.

1111. 91111911.

11911 (111111), 91. 01115919 189.

91119 1. 9111111118.

483

biningen] 91911119191111111193111191
1981291, 111, 1291121. - 911191,
1111111 1111111111111. ,11911 919111
1297, 489, 1299, 552, 851.

01191119, 1191111111 1294, 398.

1111918, &the in 1111191111. 1911911111

ἒ 516.

θ. ἱ

111111291111111119 (0111119), 91111. y
119111, 91. 811191 845.

4891119 (09111119), flauam. astina: ³
911, 91111. 9911111191 191 1119119 238, 4
4939191999919119.

1111019919), 91. 8191111111, 81189 ;
1111118111 348. - 9111111191 441.
9111911991, 91111. (11111111 94, 131, ²
19, 201, 111. 111111.
91119991 1. θ11191. ,
9811 (019919, 011911),θ111 1111282, Ι
14. - 1991191 111 1282, 14, 1288, f
126 (11111191), 1298, 449, 1298, 526. ,
11811, 1911911111 128214. Dttn 111 ξ
1181119111 911111 1282, 14. j
19 91. 819191991191 18,114.- ,
111 091119 (8111111191) 18.

be (01919), 1111111 111 1291, 319.
’1111 (0111191), 91111. ὓ11919111111, ¹
1. 1191111119 361, 589, 160. '
1 (019), 811111 111, 1811111191
>ambert 1081151111. - 0111119191 ·
11, mombar 11 θ81151111. 1.
he (09919), 91. 81111, 9111191 16, 1
&mmmmmfflffi1
51, 103, 011692. - 1111111 1991111 F
1111281168, 1288, 188, 1291, 322, ⁵
292, 333, 851, 1298, 451 (8111). - 3
11111191191111) 1809, 581. - (111- 1
91919 19111111 1288, 168.

11, 91111111 189.

ebe (01991191, 01991191), 91. 111111,
1111111111 168169. -11119 11111
1111168169. ,
19, 9991111111111 (91111111 1811111111) f
111191 (0919111919, 0919111119), 91111.
91811111, 9111119 133, 331, 486, 118.
111111(091111191),91.θ81151111552.
111191 (0911111911), 1111111 111,
9191119111111 um 6111191191 1289, ¹
01, 1284, 122. - 1011111111 111,

ὓῑζέἱ, (ἑ111111111911119111, 9111111191 345,
, 71.

1311191 (0191119991), 9111118119 1181119
θ115ἶ41384111111 1298, 516.

01191119 1. 1991111191.

0119119119, 0111111 nun 1281, 29, 30.
ὓ11911111, 0119111111 111θ111, 0111191

1 111 1281, 28. (01111 9111915911 111

1191119111, 111 9111119191191119). -

ς 01111 0111111111 non 1282, 54. - 01111
· 0111111111 111θ11911111ε9>91119111111

630. - 91111 1111195111 111 1282, 80,
1291, 310, 311, 315, 316 , 1298, 318.
- 0111311111 111 1297, 419 (0111
ὓ111 nnn 2111111111 1911 avunculus),
499, 1299, 550. - 0111811111 111
1292, 381. - 0111 1011111 † 200. -

j 01111ὓ111 111 1287, 200, 1292, 339.
3 1311911111, 911111 11 (1119911191) 419.

1311915111, &abt 636.
0119111119 1. 8111911111.

ῡ11111111(0119111119), 91111. 81111111,
111191, 91. 111119 194, 222 (01191-

> · 111119111131119185911).

1111911111 (11111111 19111981) 605.

0119111119 in parrochia 919111911θ11919
1111 516. - (11591198811111 θ119ε
511, 19111111 1111119 111 8111111516.

0119111119 1. 1111111.

0119111119 1. ὓ11111.

² Oldendorpe 1. ὓηδτιψ.

0119111119, 01111111 111 1298, 413.

0119111119, 01911111 111, 1811511191
&suget 1294, 364.

01191191191111111, 111 1284, 130.

0119119111119, 1111111198 111, mittet
1212, 891.

011911919919119 bei (8119181111 216.

ὓ11911111366. -- 9111191 241.

ὒ11111 (011911111901191111119), 91111.
11111119 162, 118.

019, 8911111 19, 1111118911111811111
1111 13111 1288, 231.

31*

 

