1111111-11111115. 453

11292-1297 1111111 111 151151 ’ 11511111] 378, 335, 410, 543, 544, 545,
17, 340, 342, 343, 344, 399, 574. - 5111511 31115115 1283, 81)
1, 452, 457, 459, 466, 438, 3 1290, 3112, 310, 315. - 1311511 31111115
,556 · 1299, 544, 545, 574. - 35111111 1511
11 (3111111111), 1311111515 31111111 333. - 11551111 5115151115
5111111, 1111513111111111511511 1283, 31.
1315115115 173. 11115111, 113115 7.
15115511111151115111111151. Ι 111111(31111),111)51.31111111,111.1111)111ε
11, 31. 2111115115 403. ) 51111499, 550) 311315111131111111499.

5 31111111, 51111115, 1111111513, (11111 &tau
11111111 111 1287, 211 (5155111 1299, 555 (511. 1311511115).
15111. - 911111151511111111 11111111 (3111111111), 31151. 1911111111 162.
1511( 1299, 239. 11111111 (31151111), 111. 11151151511291.
,11111111 , 1111111, 311111311111 (311111111131111-
Ῐ. 1101111511). a genbochorne), 1111516155153551531.
111, 1111, 111. - 1115111, “ 111111111111,414,111. - 1111
15111293, 373. - 1111111111, 31111111 140, 454, 532 (Syfridi de cli-
1ῶ55111293,373. = gegenboehorne). - 3151 Wenneken
11),11111.1111111111,511 1 111. - 11111111111111111111.
renborfet 91511111 1282, 75) j 1111111111 532.
1. ⁸ 1111115 (31111), 111. 3111115111, 3111515111 25.
1 1. 1311113515. . 3111511111, 5111111111, 1511515111111111511
(3115111111, Β111111111, Bocrote, 1297, 494.
1111111151. 1111111, 11151111 551 3111111511Ρ1111111),11511)55111243675.
-93,1281,185(3111111)) 1290, 5 Boninghe 1. 3111111.
; 1293, 356) 1294, 410; 1295, 3111551111, 3151111 511, 1151111 11 511

1115 1292, 851.

11111,11111Ι11151111115. 1311151111, &emam 5111 1281. 29. -
(1111 5111 1291, 454) 1298, 525. Ι 5111111111 511 1281, 29, 30) 1235153.
15, (11115111, 5111111111, 1111 915111 5111 1280, 83.
1111115, (11111 2115111, 311111 ¹ 1111511)111,21111111151111299,555(Θ155)11
1511111 1296, 454. 511 31115151 ὓ111511111). - 1311.
1111111511. 1111151111.
111111111151131151315111111), 1111155151, 1111111151, 1111111511, Dum:
1511111 247. 51111 1298, 524, 528, 529. - 31115115
’.1,1111513115511139. 1111 13115115 511, 11111113 11111511,
311511531151111113111111111 1511511511 11111111) 13111115 115
11. - 31511( 5111, 1111551 3511111111, 1511 5111111 1298, 528.
5. 3111, 11111115. 1111 111151. 3111131151 93.
11111111, consul 111 3151111151 , 1111511(Β11111111), 31115115 (1285 5.),
3. , 140, 1299, 546 (1311511111 11111111).
1111111111). - 31155115 511 0131111111, 511111
(3111111111), 1311111111 511, 31111111 1299, 546.
11 3¹1 6111111115 644. · 31155111511111(311111111111111111111-
3111111111), 5113115151311111 ἱ berg), 3151111133333. - &tels
111 1281, 7. - 31111115 511, , 1111151333604. - 51111 333, 604.
11 (5111511151 1131115111 1291, i 51111111 1111151115 1292, 383.

1 11111111, 11. 1111111111, 111111 111.
1111, 1111111), 11111, 11. 1 1111111, 11.1111,,1111,1111 111, 111,
11 7, 25, 28, 54, 81, 160, s 595.-11)11111; 3111515111151111111111
,111111111111111111, 1 1111, 116.

 

