84 11114

muniri. Datum in eampo sancte Marie anno Domini M⁰cc⁰Lxxx1
die Marci ewangeliste.

1111611111 11 1111111111111111 11111111(111111111Θ11111111
8.11111111111111]ρο111. Mario) 1111 1111111111, 11111111. Θ. 122, 5.

124. - 1111111111, 1184, 11111111.

18111111 11111111 111 11111111 11111111, bui (1111 &fibert
1111111111 11111 11111111111111111 1111111111 siber 11111111
111 11111 11111111 111.

1111111111τ 111111. Ueii. 111, 111. 1146.

125. - 1111111111, 1184 111112.

(1111 11111 111 1111111111 1111111111 111 3111111111 11
11111111, 111 11111111 1111111 111 61311111ῡ111111111,
(11111111111111 11111 in 111111111111111111111111 (1111111111
1111) bem 11111111 1111111111.

(11111111 1111111. 11111. 111111. 1241.

1211- 11111111, 1284, 111111.

iiie 6111111 1111111111, 1111111111, &neit 1111 1111111111 1111111
61111111111111111111111111, 11 111 111111 111 1111611111 1
(111111111111 1111111111 111111 11111111 1111111111 1111111
111111111111111 11111 1111111111111111 ule 6111111111 vetii
11111111111111161111 111 111 1111111 1111111111 11 11111111
111 1111 111 1111 &cib 11111111 1111111111 1111111111111111
111111 (1111111111 11111 1111 11111111 1111.

1111111111;ῧ11111,1111.ε.111 111111111111111111111111 Ι, 11131) .
11111111, 1111111111 1111111. 1, 1611 im 1111111111 111 11111111
1111111111 uticii Ι, 941.

127. - 1284, 111111.

11111111 11111111 11113111111111 11111111 111111 (1111111111 11111
11111 11111111111111111111111 1111111111 111 bem 1111111 11111
1116111111111 1111 1111 1111111111 1111111111111111111 111111
1111111111111111. 111111 1111111111 1111 - curtem suam sii
101111111118111111111111111 — 1111 1111111111 1111 &then
pro tribus domibus sive mansis, quorum duo 1ο 1111111111)
suntet tertius 1ο 1113111111)

111111111ῑ 1111111. 11111 111 111 1248.

1111111111111111 6111111 1111111111111111111 111.1111δ,-111111111111111111111

8111111111 11111111 111111 1111111111111. 1111111111, 111111111111ι·1111111)1)1111·ιη
11111111 1111111111 11111111111111111,111 11111111.

 

