169199-696969.

6199996, 9999991699 6119999 1
104. - 19199916, 399191 19 bet:
192, 351. 1
’7919996 1998, 616.

6999699, 9999996116 9699690999
τ1900, 696. 1
19669191, 39. 1399969919 294, 642,

- 1199199 1899999 1999, 667. -
69699969( 996 1699969999 294. 1
'ae 8999699 642. - 6969131969 1
191999 1, 46, 86, 167, 282, 360,
62, 466, 488, 642, 666, 667, 698. ¹
919961169999616 1999, 667. -
1669111199 999691999999999919
919 librorum 1980, 698.

9199196 999, 99991199 19 Deum
,6. - 396999996161169199
99, 669. ;
16996996 1999, 6749 916. 636.
9999, (3991999169919699 333.

npe, 6919999116 999 1999, 637.
919996 999 1991, 326.

19999 1. 9901699696.
(1966116699.

6911191. ,

19699999 1999, 288. - 811999
(9199 &tuus 96116919, (919 6969
188. 1891. 11999 996 11999.
1196999 696 69699919 19 gresten:
309, 697.

119999.

99999999, 9899690999 819999
Ι792. 1891. 19999 9776 119999.
6996996 999, 9699691999 9199
98, 608, 609. - 2119991999 999
799 (9999696999 1109999).

191998 999 1983, 104.

(89969199), 3911169199, 919969
21.

(8919791119), (061196 999 69919
9169976999 162, 178, 616. -
quam 1999171999 169999 616.
9191996, 19996996, 3119991989,

2 1991, 314. - Dttoflfein 6969 ,
48 7 1991, 314 (9199909999). 1
199196, 6196911, 69996996, 66699
9968 1991, 314. - 8991996,
9968 399699 1989, 48.

496

6919699999 (8919996991, 8919996999119),
99. 819999 73, 102, 366, 637.

6916199799 67, 611.

69991996, 811969( 6999999 999 1979,
696.

69966991 (Santhbrinke) 1¹¹ 6969996,
169191. 8999969191 88, 96-98.

699999, 99699999 999, 9091996699
619699 638.

saphenberg, 81691( 1986, 198.

sartor, 89996996, 999691 19 6991996
1999, 361.

899939, 8999119, 899919, 6999991999,
342 (9999696999 696669) 7 1996, 4319
1300, 684. 1191. 8999999. - 1119999616,
(9199 &tau 1996, 431.

89999 (. 669999.

8991969999, 8991996999 1. 6969696999.

8999999911999, 896999 1984, 130. -
9196999 6. 86, 1899999 1997, 489.

8999999911999, 999996, 6111999 1960, 683.
- 1199996, 9119999 1991, 394, 326.

899119, 6696999, 9699699999 91119999 1996,
416.

89991999 1. 6961691999.

8999919, 6996996 999 1983, 103. -
69999999, (919 6969 1983, 103.

899799 Ῑ. 616969.

8969996999, 66999696, (6969 19 619119

6969999(89999969911996996999, 69196
916 999 1983, 82 7 1991, 310, 316 i
1997, 473 9 officialis in 1191679 612. -
89699996 999, 999699 1991, 306
(1199996) 1991, 392. - 6996996,
96969999 69691991, 392. - 161919
999 996 6996996, 169 6969 1399, 603.

6696996896 (8991969999, 8991996919),
16969 199 39191699996999, 1191619699
691191 66, 698. .

616919 (8991919), 99. 3991996999, 919699
411.

8919999999, 891999991999 de 89969969
1983, 99. - Meflanus, 691199 1199699
1983, 99. - 39196 1, 69999 119999
1999, 99.

6969999999 (8999996999), 1699( 81691(
999 1999, 341.

616969, stt. 91991969, 18969999699999199
61999191, 6199919 89996999 1987, 221. -
6199669 9699 319999 1990, 299.

 

