Livenstede-ssflbbede. 477

19,6199999999991919999,2196999,
fidet 19919999 1295, 439.
ee.
2191199 947.

(Lechaion, Lokhusen), 139991)
699999 19 1389999116 1281, 2,
, 227, 1296, 460, 1299, 639.-
[9 (129999), (9199299999, 1281,
9, 991, 1999, 299 , 1999, 460,-
i39. — 6999999, 99999 &elin
2, 1288, 227. - 1119999918,
999 999 16999919 1281, 2. -
9, 1199, 99999999, 1119999918,
9, {lulianus 899, 9299199, liet:
2199999699, 1299999999 999,
iel) 9999999999 1296, 460.

lorpe f. 2999999999.

2999.

lus (1929319999,,9189999999

99)(1190911119999199), 29911 999

tl). 2199999999), sitini. 13999,
elle 1, 86.

enode) 416.
(19ουί99999), 11199999999196),

9. - 21999999 &einrici 999)
ampl) 1294, 410. - 29999999
l

{om 9999189999, 9319999999

991), 9199919191, 9119999999, 140,

99999199) in 9999999999, 99991
lt. 39999 66, 328. - 89999998,
99191999 1282, 66.

99091 1099998199, 99. fficium

um 9199999919) belm 899999
liet) 19 99999999199999991 2999,
9999 328.

en ln Dinubtiff 99, 327.

n, 29999. 2199999999, 91699999
33.

telin 999 1296, 416.

’,99998 999, ς11999999 ln &tereti
77.

999999 999, 9119999 1288, 226,
999, 660.

9 999, 999999 1292, 346.

>ine 999 69996999.

Lone (299992), &einrici 999 1286, 199,
1294, 410 (illinet). - 61919τί99 999
1298, 930 (uniet 999 2999999 genennt).
- 9999999991298, 930. - 1199 999
1999, 639.

Lonede l. 29999.

Loninghen ἱ. 29919999.

29999 (Lete), 99. 2991999999 34, 411. -
9919999 09999999 9999919919, pellifex
1281, 34.

1999919, 1011999999 999, 9899999699
21119999 999 &velet im ῧ9919199 ,9
1299999996 1288, 101, 1284, 130, 1286,
187 (12999ἰὶ99 998 l). (2919999968),
1289,270,1292,342(9891),343(9891);
1299, 369 (9891), 370 (9891), 374
(9891) , 1295, 425 (9891), 1296, 460

(9891), 1298, 906 (9891), 912 (9891) , ,

1299, 942, 948 (9891), 949 (9891), 996.

Lovynehusen Ῐ. 299199999999.

2999999, 0119910999, 21999999 ln 21199999
1291, 829.

2999999, villicus, 6199199 (9299199199
gu 219999 1298, 929.

199119). linctum.

299999, &olm 999 29919199, 9899996999
1199999 1286, 186.

Ludgerus‚ judex osnaburgensis 1289,
261, 1290, 282 (ln 91999 11999999, bie
61919996) 999 &tilulum jndex civitatis
099, 99899119).

Ludierus 1234135l 673.

Ludighusen ἱ. 999199999099.

29991) 999 . . . . . . 1288, 226.

219999), famulus defunctus 998 91199998
1991999999 999 3999999999 1297, 477.

29991), servus 998 01199998 399999 09-
merarius 1289, 260.

19991), &olm 999129919911191998 (1264-
1968), 692.

2999999. (6999119998, in (6996899919,
9991909606. 3916999999.

2999919 999 (9999999, 2199999, ln lie
,999999 ,999 9999999 8991999906 (1286),

’ 140.

21199969, (919999 927 (01199999, 9199999 999
9999999999). -119999919999 92999
liert 89991) lu 2219999 1293, 379. -
91119999 9999999993911999 1298, 927.
- 11999999.1999119,919991,Τί999991
- 9119999 990. - &ol 590.

 

