8111111111-1111111111111. 473

1111, 81. 8811111111111, 91111111,
1 8111111 1287, 2211 1290, 299.
1 278.

11. 811111.

111 (0811111111), 111111. 81111111,
10111111, 81111111 111 1291, 825.
111, 8111111,11111111 1290, 464.
sebe, 18111111,1111Ζ>8111111111289,

ῐὲξὲηιι 111, 18111188118111111

1011111111), 8111111111 bon 1298,

1111 (0111111111), 2111111111.
1111111, 81111. 81111111 559, 569.
1. 281111111111111 11111 8111111.
1. 8111111.

1 (Kerioherinc), 1111111111, 111111
rt 2101111 1289, 104. - 81111
1111 &obn 1288, 1041 1. 11. 661.
1111. 8111.

18, 811111 111 1285, 1671
522 (1111111, 111118111111 811111
ι1 1800, 604. - 1111111111 1111
11, 8111111111, consul 111 9111111111
(1111111111119111111), 8111811111,
1281, 71 1287, 202. - 11111
(81811118 23111111, 9111111 1281
5, 7, 89-93, 184, 121, 175, 808,
58, 395, 409, 483. - 1111111111
121. - (81811111,81111111292,
1291, 409. - 8111111, 811111
, 1111111181, 11111111 1287, 2171
618 (1111 8111111111).

husen, 21111111 1111284, 129.

1 (11111111), 81111111). 811, .

8111111111 248.

11111111), 81111. 1111111111111,
111111 851.

8111111111 1111, 8111111111, Dr. decr.
11111(Τ1111111111), 01. 1111111
ι 1. 81111111.
1(0111111111)11181111111111111,
111, 1111111 811111. 8111111 862, 505.
ι (0111111111), 8111111 1111292,
11111111 111 wath„ 1800, 582.

memorem 1. 81111111.

8111111111(Κ11111111111111), 81111. 8111111,
8181111, 2111111111, 1811118811
881111 1280, 188.

8811111111(0111111111), 0111111111,
(11111111 11181111 4741 1111111111
flu (1111 8111111) 479.

Klovelingdorpe 1. 9111111111.

11111111,21111111111 1111 1281, 171 1282,
55. - 811181111284,130. - 11111
11111, 1111111 1111111 1284, 180. -
1811111 111, 1311111118, 111111 &tau
1290, 288.

8181111111 (0111111111), 81111. 011111
1111, 81. 81111111 825.

811111 120. - 01111111 590, 696.

88111, 81111811 (11111 8111111) 120, 128,
238, 418, 429. - 8111111111 811111
111 1249, 681. - (1111111111 01111111
1111277, 696, 697 i 1282, 62, 65, 671
1281150, 1517 1181229, 201 1191,
2811 1294, 412. - 6111111111 18111111
111 1299, 569. - 1311111 81111111 628.

81111, 81111111118111111188111111 (1111
81111) 1294, 412. - 8111181111 18111111
(1111 21111111), 11111118) 1111111 111
01111 1249, 675. - 01111111188111111
1288150. - 1111111111 8111111111 111
8111181111 1219, 681. - 8111111181
11111 1111 1111111111111285150.

91111, 01. 2111111111, 81811111 11112809.

81111, 81. 811111, eanonicus (1111111111
1911110. ’

81111, 01. 81111111111111, 1111111111 18111
11111 1281, 82, 86, 38, 40, 41) 1282,
52. - 1111111111911111 266, 267.

· κ 0111181111111111111111111811111 ι

1111681.

81111111 (01111111), 8118111111, 111. 01111

81181111, 1811111118 1111111 111,
18111111 118 111111111111181111111111118
8111111118, 88111111 in 8811111111
1282, 75.

8110111111, 81111111 1111, 8111111 1289,
2581 1290, 8001 1298, 518) 1299, 546,
547, 5531 1300, 577. 811111 1111111111
11111, 111111 8111111 1299, 558. 8111111,
1111111111 1299, 553. 81111111, 111111
8111111, 9111111 1181111111111 1289,
2581 1299, 553. 81111111811111818111

 

