3311111111. 487

8113111111 349. 3311111111, 31. 3111111, 3111111 1111
11111111 0111111111 1233, 2461 2111111 1301177. - 311111131111111
m 1meQQQm
[1131111111 693. - 3111111 ’ 301, 303, 318, 404, 427, 517, 539,
113 1233, 2671 1291, 3071 3 573, 593.
112.-111111111811111,1111111 Α 3311111111, 31. 31111111, 3111111111
111111291307. ; 31111111 1236-1293, 180, 363.
1111111359,545,691.’- 3111111 2 3311111111, 31. 1111111, 3111111111 8⁰²
mwwwww mmmm
11111111 1111111 1111 3111111111 ξ θ31111111,31.ξ111111,311111111131111
35911293145. ’ 111111113111111111233-1300,130,
3111111111 (emunitas) 47, 326 (111 2111111111), 404, 573, 593.
3311117111, 31. 11111111, 3111131111111

3111111111 34. - 31111111 111 311111 113 † 11111111

1111111113 31111111 111 111 1239, 266.
subdiaconus 1233, 672. - 311111 1113111111111 1231, 40, 411
(111 3111111111) 1231, 2. 1290, 3011 1291, 303.

111111 1235156. 311. Qum: - 111111 1295, 4271 1293, 5171 1300,
- 593, 539.

1111111111111311131111111 - 131113 12331301 1294, 4041 1295,

mmm mfflffl,

1, cantor 1239, 270. - 31111113 8111111111 (1111111111,

111 311111 (Linen) 1291, 307. 31111111311236, 1801 1290, 2951
11111911111111111 1290, 2841 1299, 5371 1900, 593.

3111111111. 1. - 31111111, 11111111113111111. 1. 1233,

111 11111111 1295, 413. 138.

Ι)11111299,557. - 31111113111111131311111113111),
de Lippia 1299, 557. 111111121111111311111239214.
scolaris 1231, 21 1293, 517 -31111111131111131111 1291, 321.
31. 81111111. - 3111111113 311111 1293-1900, 365,

scolaris 113 31111113 113 511593.

111113 1111111111 1239, 2631 - 0111111111 1111 11111111 (1111111111)
284. 1293, 365. ,

31. 1111111, 31111 1111 - 3111111 1111 1811111111 (1111111111
10, 26, 36, 38, 40, 41, 47, 12, 1111111111 mit 1111 3111311111 811
122, 180, 192, 193, 215, 262, 1111111111111111111111111111311111)
, 235, 301, 303, 318, 363, 371, 1294, 409.

. 411, 415, 419, 427, 539, 564, - 11111111 111 Rede 1295, 4371 1293,

. 313.

31. 11111111, 3111111111 426. - 1311111111 1111111111111, Wughtorpe

31. 3111111, 31111311111111 ι 1295, 4371 1293, 513.

- 3111111111 111 31111 (Date) 1300,
. 31. 811111, 13111111111111 193.
1131111 1231 11. 2, 20, 25, 42, - 11111111 1111 3111111111 13011593.
, 130,167, 174, 192, 193, 235, - 91111113 111 31111111, 113 1111111111

,Μωωωωω1 mmmm
1, 651. - 31111297,4871111 1 - 01111111131111111, 1111111231, 303.
1 113 11111111 111 3311111111, Ι 3311111111, 31. 1111111, 311111 111111

4 1293, 513. - 1311111111, 3111111 113

31. 311111, 1111111 1111111 4 3111111113 1203, 513. - 11111111
mfflww. !1mffiwmwmm

 

