454 822222-22221122122.

Romen, 1012212122 222, 8111122 1281, 171 2222222, 2222222221 160. - 22212
1281, 13011287,210. 1222222122 1121221222 1221, 132. -
Borthusen‚ 22122222 222, 8111122 1281, ζ 22121122 1122222212 1222, 272.
2211285,16711282,260.-211121222 , 2222222, 11221222, 11222221227, 171.
2221282178. J - 01222222 222, 11222221227, 172.-
Β22222212, 2111121222 12822281 1222, 328. 22222 222, 1112122 1281, 28. - 81222122
2212, 11212212, 2222222221222 21222221 222 2112222 222, 222222, mittet 1281,

1

1222, 3281 1222, 601. ζ 28. 3
2221222222 (821122122218), 2112212221 ³ Bresme, 2212212 222 2121222211, 1212
222 1212, 672. - 12222222 222 1212, grau, 112122 222 1122222121 1283, 122.
672. , 221. Brasme.
222221, 112121. 2112281222 24. Brenno, 1222222 222 1287, 221.
2222, 211221 2222122 222 1228, 203. ¹ 2222211Β2122111222212), 22121. 1122222122,
222121, 222222222221281,121 1282, 67. l 112. 222222 331.
222122 (822122, 32222221, 1122 222 22122222181122212),112121.112122 312.
11220-1221), 6701 1238, 672. - 1122, . Βή221112222121222121.

11212212, 2222222 222, 2111222 1225, 221212, 01222222 222, 122222 1222, 601.
433, 434· 1 ·- 3211221222 222 1222, 222 (22112
222222221222 222, 1122222 1281, 71 222 2121111221 22222222). - 2121212
1281, 127. —- 12122212, Otto& 222222 , 222, 1222211212 122122112111212227. Ι
1221, 1221 1222, 346 (222222). ¹ Brygenhus 22 2122,2ι222221111.
22222122,11222212222221112212121133, ¹ 2222222222, 8222222 222, 1221222222
317, 227. - 2222211222221222221628. 1222122211 1227, 680. - 2222222 222
22221122, 11221221 12 132, 219, 317, 268. , 12221228. - 122222 222, 8112221281,
- 222212 2221212 222 2222222222 711281,12111282,263. - 112222
1288, 232. - 2222222 H. 1281, 1321 222, 1122222 1288, 2111 1221, 1011
1282, 218. - 2211122222221221211221 1222, 238. - 222212, 12122 111222
1221, 392. (1122222 Holt 1112 212221, 1222221222 ²
22212122 (Bramme, Bramezsche), 1122 12122 t&rau 1222, 238. - 8222112211,
22222 222, 8111122 1291, 308, 3311 2. 2. 222222 1288, 241. 221. 2122211122
632. - 11211222 2221121211221288, · 222211. - 22221122211112221282
171. — 2222222221282,222. 1 270. - 2122211 222 822222 1821213
2221221222 (8221221222), (222112. 2222 1 222, 221222, 11222222 1221, 1081 122,

22122, 1112212121 141. 1 486.
Brandtelget 1. 2222121222. , Brochusen 1. 2222222122.
222222222121, 122, 1222, 231 1 22122 (Brohem) 221 1221122211·

(22222211212222211211 1221, 330 (22111 = 21222211 87, 88.

1222, 340, 3201 1228, 2281 1222, 242, Broderdehusen 1. 2222222222.

218, 213, 226. 2222221122122 (Β22121121122221, 11·
822222, 2212212, 2222222222 2212222 1 2155161416·

1293! 335, ⁹331. Bregma Brogterbeke 1. 2222212211.

2222212222, 112811211222822 682. , 3101191111· &mlum-

21222222 (3222222222), (22212222 01121
2221222, officialis 12 22212 1281. 121
2211222222 627. - snm 21111122

222221222212211222222, 2221222212 (222 ¹
2122222) 222 622.

222222 (Bredenech), 112121. 2221222221, 12851 152¹

πῖ· wemma& 424¹ ’ ⁹⁰¹⁰¹¹ ‘M‘ Browere, 01222222, 2222222222 2112111
2222 1222124. ,2961 457·

&remens &tum 3822 386, 6112 649- ’ 222222221,2222212 22 222, 2221222211 12
2222222, 1121211221 1111212221 222 1228, 22912212211111112211121612
211. , 2222222122112211211222222182812112

 

