61111111-(1111111111. 463

, sertor, 1111111611 3111111 ’ (5111111111, 2311111111 1112 111, 13111
565. 11111111 21111111 1283, 110.
, 9111111111( 111 9111111118, (1111111111, (112111. 6111111111, stt.
1 111 911121111 1288, 180. , 2111111111 325.
64 nobilis 1111, 664. i 1151141, annuente 1111111.
1111111111 1280, 198. 1 (91111112 (6111111111111111111111, 6111111
, 1111111131111111 1090, 664. 21111 167.
1111111, 9112111 511 1111111911 9, (31111112, (51111111111291112111116111
5195227, 341, 465, 508, 537, 1111 1. 61111111.
114, 687, 692. - 2111112111 537. ἶ (1111111111. 111111, 9111121111 11111 9111111
1111111111 537. - 21111111 811111 133, 297, 575. - 31111112111111111111)
687. - 29111τὶ11 2111111 1282, 575. - 29211111 1111111111, 1285, 157,
288, 227. - 2911111113111211111 ¹ 1291575.
465,1299,537. - 29111121 111111 Glanethorpe 1. 6111111112.
111294, 410, 1295,418. - 2911121 (1111111141, 1111111111 1290, 284, 1290, 466
1 1253, 687. - 2111121 (8111111 (1311111111121111111),1291542.
46, 1288, 227. - 2911121814 4 (11112118111111), 312111. (9118111111, 31.
81292, 341. - 21111216111111 , 91111111 153.
418 , 1296, 465. - 2111121314 1 (191111111111131300, 577. - 61111111
11111, 531, 551, 1311, 114. - “ 1111, 511. - emnem 1211, 113
111, officialis 113 2911112119 1295, 1 (19111116113111221). - 11111 1288,
1299, 537. - 91111111 11111111, 245. - 61111111,21111111111,2111111
’1111112111 1299, 537. - 1111111 119 31111111 3111111111, 29111211 1288, 245.
1295, 418. , - 31111111 1299, 555.
(6111111111), 3111111 1281, 29, 30. ἶ 811111111112((1111111111111,112812111111111,
11. 61111111. i 312111. 611111, 111. 11111111 123.
81111111 1111, consul 111 9111121111 Glosinehem 2. 6112111111( 11111 6111121111
338. 1111111.
12. 6119111111. (1112111111) (6111111111, (1111111111),
’1 (Gesmele), 1811111111 11111, 28191111111111281,1,1283,(16,1288;
τ 1281, 16. - 61121, 911112, 171, 1293, 371 (1111111111). -211111111111,
1111 11111 (8111112, 211111 (3111111 21111 &obn 1283, 86, 1288, 191 (9111111),
16. - (91112191111111112121119 ³ 1293, 371. - 2111111113, 2618111119
1111 2111111111 6111111111. 1284, y 21111111 1283, 86, 1293, 371 11111 6111
- (9111211111,311111,111288,189; ’ 11111111111111111293371. - 111111
376, 1295, 442. - (1111211111, · 1111 1281191. - 9911 1111604.
11111111, 111. - 11111111, , 1111111111, nobilis 1111, 664.
11111,91111111111119 11111 9113111113, 2 6111111118 (61111511132611111111111,
1111111288,189-91111121111, 1 er. 21111111 133.
τ, 111111211111831111111233, , (31111111, 6112111111, 8121111119 11111 (3111
- 3111112111 1283163. - 1111, 1111 1111111, 1113112111111111
2111, † 1115, 143, 1111, 181. 1 3111111111 1111, 141.
112111, 211111 28111111 1285, 143, 1 6111111111, (11111111, 11111111, 9111111, 314
181. - 6121111111111285, 143 , 111111, 21111 911111, (91121111111252, 685.
181.-3111112111191111111292, (1111111111, 61111111, 1111111112, 9111111
1111, 441, 1111, 538. - 111111, g 1111, 11, 1111, 55, 1111, 111, 1111,
11 113 91111119 6111112 um 1300, 302, 1293, 356, 365, 1295,443,1291,
476. 1111. 11112111, (511112.
ele, 2111111 11111 1282, 207. (9111111111, 1111111111, 111 ’s 1284, 135
an. 2911111111 1300, 577. - Qum: 6111211111, 21111129111111 1284,135. Ν.
21111 11111111 1301577. , 111111 21111111, 11111 111 1111111111

 

