211111-9111111. 475

5111111297, 492. - 31111111
1111, 1111511 1299, 489. -

111111 1297,492. - 911111)

1111112817(1111511211111111181

1276), 83 J 1288, 228, 2391 1298,

1300, 578. - 911111), 11111111

11111111, 91111111 (911111 1289

183. - 31111, 91111118 2115111,
116 911111) bute 1289 (1276), 89.

111, 91161111151111, 11111 1111

1111 511, 873. - 2111111111

ι) 1291, 905.

1111, 91. &temtum 11111111 124,

47, 845.

1111 f. 9111111111.

11 (Langevorde), 11111 11111111,

[1275.

211111) 1288, 232 ἱ. 91111.
2111111118, 1111111 11 8111111151

898.

, 9111111116, 9111111 1115111111

851.

811151) 1111111116 1111 1290, 280.

’. 911511.

P (Lechtorpe)‚ 111111. 1111511111

1, 91111261911111111, 91. 11911
1, 2811511111 111 1291, 308.
»e 1. 1111111111 111 81511111.
(Leohtorpe, Leytorpe), 911111.
1, 911111111511111 89, 314, 377,
(1111111511, 1111111511), 25115111,
1285, 167 5 1298, 522 (1111111
1111111111) 1 1300, 604.
1111111) 111 1111111.ξ151115111111535.
1111111 141, 414, 417, 535, 692.
111115111ᾒὶ1 1295, 417. - fib:
811111 1111411.
11111115 11111 1280, 83.
11111111), 9111111161 9111111111

Medon, Ledden, 1111111111), 1111
11111, 9111111 1294, 4081 1290,
1299, 571 (11111111). - 1111111111
’111111111211571 - 51111111
9111111 1299, 557. - 11111111
185152.

mehligen Leden), 1111111. ξ15511ε

9111115111 (1111111111), 1111111. 8111111111,
1211111111 469.

8111111 (Larem), 911111. 1111111), 91.
2111111111 25.

911111, 2111111111151 364.

51111111(9111111111, 1111111. 9111111111,
1111115111) 469.

1111811111. 1111111), 2111111118 1111 1288,
232.

91111115 (Lengen'ke, Lengerke), 111.
2111111111, 9111511111 88, 92, 188,
297, 368, 464. - 21111111 2811111111
1111297.

8111111111 11( 111 22111111 (Lengen’ke
111111Ψώ111),91811111111111511111545.

1111915111,1111)(11)1)1121ι11111637,661.

9115111, 51111111 111, 1111111 1288, 234,
1289, 256.

1111111 f. 815111.

1111111911111111), 31111111 111111111111111,
911111111291111111111111, 11811111111511
51111) 1118111111911111111 51111111 1281,
136.

Lethebur j. 11111511.

811111, 1111111. 281111111111111, 91. 21111111
burg 414.

81111, 111. 2811115111, 9111111111 848.

81111 (111111, 111111), 111111 51111118
1210, 2991 1111, 590.

9115119151 im 91111. 9111111542.

9111111111). Lewenherte.

811111, 9111511111 519.

9111111, 11111111 87, 149, 201, 225, 251,
261, 277, 332, 357, 692. - 11111111
1111111111 265, 1299, 375.

1111115111(91111111111),51111111, 11111
11191111 21111111 1288, 246) 1292, 349.

8111111111111 (Lovenehusen, 11111111-
husen), 11111 81111111, 1111111111 314,
877.

81111, 1111111111). 111111 511 8111151111 68.

Leytene (1111 111 811111) 11111111.

Leytorpe 1. 8111111111.

8151111, (81111111 1111, 911111 1111111111
1292, 351.

Lichtestorpe 1. 89111111.

Lichtlage, nrt 11118811111111118 11 111
211111 bon 1311151911 489.

Lidden 1. 811111.

9111111 (1111111111), 8111111511, stt. {Rite
11151111 1900, 661.

 

