1111111-ὓ1111111511111. 491

1111511 IV. 1255, 688. ¹
191 IX. 1281, 11.

Γ Ploghus, 39111111 11911 1299, 555 (91515111
; 511 91111115113911151111).

*got x. 1281, 52, 1291, 321. 2911115111(Ρ9151195911), 1511111115 11911,

111111 IV. 1281-1284, 9, 11,
26, 36, 49, 60, 128, 131. -

911111 Ν. 1285, 160.

111112 IV. 1289, 265 , 1291, 321.
11111111 VIII. 1295-1299, 419,
1, 497, 543.

1111111, 1111111111, 11191111111111
1291, 409, 1299, 494.

;, 111111. 6111119191, 91. 16111111
1111115111 1111 1111111. 1111311911

1, 1111111111. 9111111111, 9111111.
16.
1 1. 1110111911.

5155111911 11115 13111 391911,
9115 5111111 16111511 1111111111
6.

(Ρ91199119η19), 1111111.151111111ι
111, 91. 9111111 117,118.
61111115, 511119111211111111111,
3111111111 11115 1151, 111111
291, 328, 331.

13111111, 21111111 in Dssnuhtfid
1,1292,344.

esbum 342.

3111111, 3111191111 111 11111111
11294.

51111115 1267, 693 (91115111),
4 (911]511111111111111 111 Uenu:
1291170, 1299, 242, 1291,
9111191511 1111111111 1297, 486,
1111, (19111115199111, 92111
6111111 1297, 486, 1298, 505,
2, 1300, 563, 604. - 15115915,
13 &oon 1281, 34, 1297, 486,
16, 573 (magister scamnorum
1111111 518 (511519911111

11951111, 99111111 1111111915
1

51111113 de, 911151111111111111
11111. 1111115111.
11Ρ191199511151), 11111915 1911,
199, 1511.

&teter 1111 1111151111 111 &amemur 1288 ,
107.

Polhem, 39111111 1911, 6115111 in 1511111111
1284,129.

1191111111, 311111. 1191111111, 91. 1511111111
207.

Ρ99111191. 39111111.

Puppe, 9199 111 1111111111 1111 91111. 11111111,
stt. 1611111151ίὶ1 347.

11911191 (Ρ91591), 1311111111). 3111191591,
311111. 11115 stt. 1111111333.

11911591 (Pothus), 1911111111. 9111511119,
111111. 91. 39111111111111511111426.
119111, 5111111111 9911 1299, 555 (19115111

511 9111111151 ὓ5111511111).

Ρ159199118 221. - 1151 (911111 9111111111

Proit, Otto, 99111111111311111111, 9111111
1281-1298, 17, 55, 83, 89-93, 356,
443, 476, 499, 532. - 191191111991111
1298, 532. - 9111, 51111111111θ119
2911111 1298, 532. - 261151119519,
11119991111111111115391111111, 1111919111
1283, 91. - 9911111111, 911111111111511
ottae 1281, 17.

11511151111Ρ991159119) 111 9111111511,
111. 2111115911 175, 202, 401. - 5151
39111111131191111111111 202, 571.

1111115111 1Ρ991919959199), 31115111
1911, 5111111111 11115 3111119119, 111111
11111511 1299, 571.

Punder, Pundero, 1111115111, consul 111
1111111111 1292, 939, 1291, 399. -
2151119111, consul 111 25111151 1292,

Fundere, 1191111111 111 1111151011 655.

Ρ11919511199 1. 111111151111.

Ρ11999199511199 1. 1311111ῐῦ1111.

Puteo, 91111115 de 1288, 232.

111191111113111111119111, (1151 1111111 556.

1111151, 31191(0991111, 31111115. 29111,
911111. 511111 111 9151151111 409.

1111515111, &urg 11115ὓ11 17, 89-93,
291, 476, 479, 636. - 3911915111
11, 199, 119, 999, 919, 111, 1111, 199,

 

