stedine-stoten. 499

788888, 77777788 1291, 318.

887 8877881788, 778. 678888 366.
98787. 68881 784188.
(6788788118), 7717717. 878878, stt.
8888107.

7778878787, ὓ78888818 178, 816.
(6788881178), 68378778886817
8, 871. - 37717888 7788888
1299, 871.
,68878818687881878 888, 8771788,
8888778 1292-1298, 80, 83
84, 182, 380, 381, 383, 384,
4, 473, 477, 871. - 67778887),
mu 1285, 782) 1296, 464. -
887788 88788878 888 688877
nt 88788878 1293, 380, 384 7
64. - 6888771285, 782) 1293,
4 5 1296, 464 i 1297, 477. -
7888770 &tau 1296, 464. -
6888778 &obn 1293, 383 7 1296,
·- 6778, 67778888, 7787881879,
788 8881811225, 162. - 8888
8877, 8888879 bert 888 767878
78778 3787888788 1283, 84. -
8688877 888, 68781 888 88888
7381888888 688877 888 &eim
3, 368) 1296, 464. - 68878818
888 1297, 473. - θ. 78631.
877 888, &obn 888 6887778818
8888888888718818888 7. mna:

7388877 888, 8777788 1299, 888)

88888877887881818888 78, 63,
7. - 388888888188 6878817
72183. - 888188888788888
88 Wederden 1296, 464.
2788878888888888787886778888
783 (1280) ; 1288, 231 (8877877877
turben (8888871290, 282888
72. - 0788888, 78788 3888788
72. - 8878878), 7878 68881290,
92, 342. - 6788888, 7878 68778
72) 1292, 342. - 67817888 888
,7, 38771788, (8187818888 bein:
8688881292342. - vu:
7677887888, 7888781888 888
8887831292342. - 7887887877,

688888 (888 6788888787)
2. - 88781788 888, 77778888 78
7812881867 1288187) 1988,

&temtum 818848) 1988868, 268969,
18) 1298, 982, 884 ; 1291, 381, 912,
313. - 78878178) 888, 8888888888
888788 1298, 491 ; 1296, 4827 1299,
842, 873 (6818778 888 3777777788 888
8878888888 3787888). - 71878878] 888,
magister, 77978118 1284, 120.

8798888888, 187177 um 7578188188 278888,
stt. 27788888 461, 819.

Stempel, 7878787177 1233, 672.

88818887, 58787878] 1289, 2607 1299, 887
(77777788), 7166, 7173. 7787. Stenpel.

Stenbeke 7. 8578788817.

67888878, 6888878 888 1399, 882.

6788888, (888888, 8777788 (1281, 29, 3077
1290, 293. - 8788888, 78788 &tau
1290, 293. - 3778888888, 7778888178
877188, 7878 68778 1290, 292.

Stengrove, 771788 8888882878188827788
887 ῦ688817787 708.

6788887, 7787817877 688. 7787. 67818887.

Stenvelde 7. 67887878.

67871888, &dmum 888 68878881867888
888 888 87888 1294, 397.

6788888888 887 7888888878 268.

67881888888,6887 888 (1288 3), 239.

6788888818, 7187887877 888 671888, 7788788
888 1300, 887.

Steygden (?)‚ 77877888 888, 6888881296,
466.

8878718, 0787178788, 8888887878 &urget
1292, 380. - 3778888888, 78788 &tau
1292, 380.

67777888883781788 78 378787, 3178788788
140.

8871887871, 767878 887 7887888888, stt.
Dssnubrfitf 426.

6788887888878188), 7717717. ὓ778188718878,
771. 7767777888 367, 889, 860.

Stoc, 8878887 888,, 6878778 78 77887818
1281, 129.

7578177881, 888888 888, &teter 881 &reb
778777 78 88198877888788 1300, 604.
87888881 (888 2788), 78888888, 8777878887
888 7688877888 888, 37877888 1296, 484.
- 878778 888, 7888887888 78 ὒ888ε

8888188886. - 88. 88.

&tortum (678878867887171818), 77888178).
8178788888, 778787. 3787881 740, 832.

67878888, 77877888 (78 ὓ888887177) 688.

818888,7)871117877,6877877878378878811281829.

32*

 

