ῦ6666616.

8666616, 6116611666 11666116) 966666
(advocatus 966 officialis) 1298, 617.
166161). 9161666 666 111616) 366161
6666 816666 668.
6666106, 2166166166 2, 6, 14, 37,
44, 47, 61, 68, 69, 100, 101, 106,
108-111, 160, 166, 162, 163, 164,
166183, 186, 189, 130, 196, 212, 236,
68, 266, 267, 269, 276, 307, 314, 343
(domini de Summo), 346, 347, 369,
162, 371, 386, 407, 428, 460, 471,472,
180, 481, 494, 621, 633, 638, 646, 661,
669, 660, 666, 668, 688, 690, 693, 600,
661, 681, 684, 686, 688, 691.
26666161, 1266616611 111666 666
81166166 1243, 676.
2661666611 86666 666 81116166611261, Ι
691) 83 (1276). 2116 6661161616 633.
66666611 (616616 1281-1266, 2, 14,
&mmmm
2666661166661286-1999, 169190,
244, 266, 267, 368, 369, 376, 383,

6666666(
mffiffim Ι
>6666666,11666611666116116616 (1226 ;

wmm
6661666661 36666618 1246, 678 (666
66111116666661666616686666666,
61866 12666666, 661. 674)) 1249,
660) 1260, 683, 684. ’
6666146661 266666 1261, 691.
66666666 1166666 1261-1216, 2, i
6666 “
1166666661 6161616 (666 862) 1283, ;
106.
6666666661 16666666 666 216166 ¹
1296-1300, 190, 206 (1116611 16 ¹
Qmfflmmww
mmffimmmffi¹
mmmmmmmg
46661011, 1) 6611111161 6161116611 1261, i
691) (1261-1266), 692.
6666161116 9161666 (666 216116) 1281

486

1286661611, 6661166161 8661616 1206, 460,
471, 472.

6666166161 2166616 1299-1300, 666,
668, 676.

66666616, 666166161161 2161616
1281-1283, 26, 26, 32, 36 38, 41,
49, 62, 100.

6661661616 616τί16 mame (Flos)
1296-1299,166, 1611169244, 968,
460, 471, 472, 638, 666 (ὓ6661661166
666 8166641661), 668, 673.

8666661111, 6661646666 :

- 36666666 vitulus (1220-1224), 670.

- &caenabo (1220-1224), 670.

- 36666666 666 21166116 1233, 672.

- 1961116166 666 Der 1233, 672.

- 366666, 2666666166 1235, 674.
961. 56616661.

- 616666 1260, 684.

- (6216616 de Floro 1260, 684.

- 6166116611 1260, 684.

. -6616611616661166616661, 66616666,-

1666 666 61116618 1361661616, 661.
91661161 guzh. 111), 36611116 1166611
iu 6166666616 1261, 691.

- 9161616666 (12644268), 692.

- 21111161 (666 86616) 1267, 693
(1266616616) 666 2111161111).

- 1161666 1161) (Vulpes), 616 6161161661
genuum 1292, 340 ) 1298, 608.

- 6611611) 666 Det 1283, 100.

- 96166666161283,100.

- 211661111636666666,6661111166111283,
81,100.

¹ - 1616616) 6666111161 (de Monte) 1261,

691) 1283, 100) 1289, 266.

-11666 666 (2611161 (Goltorne) (1264
616 1266), 692) 1291-1266, 666
616111) 1166611 16 506666), 48 (616111-
diaconus Priame), 100, 160, 168
(1366611 16 666666).

ι -9666666866611666 (de Ves) 1283,

100.

618 1282, 16, 26, 32, 36, 38, 41, 62. - 666666666621616166116161281-1283,

6661101161 61616666 666 1161666666 ξ

26, 100.

1290-1299, 277, 326 (6662161616 “ - 1166611666 2161661611281-1299,26,

mmmmmmm
11666116611666166161(66661261691. )
6666166161 66666666 666 81111666, ⁵

661616 616 61116618 666166 1282, ,

71) 1233, 100. l

219, 369, 646.

- 1611161 6611616661 1281-1283, 26,

81, 100, (3073 1116611 16 21116611
666 1161666 ber 21116166816661111).

- 2116616116 666 Hedhe 1281, 26.

 

