506 7711881-18181.

11181811, 11811811, 8818811881 18111181
1281666.

118181811111111881 1282, 76) 1288226
(8111181).

18118181, 8111181111 8811, clericus 1297,

Waldenbrug 1. 1281818188.

Wale, 1881188, famulus 888 1111111818
9811188 881 ῦ88888111 1291, 318.
1618111811 (1188881111. 19111811, 91181.
1111118811), 11811811 8811, 9111181
1281761 1281, 1041 1288, 17511281,
211. - 2888118811, 1111188 1281, 8)

1284,119ῐ1299, 562.

18811181 (11818811), 911111111818188 89.

1311111811111(1111118118113,111811181111111118),
91. 8811818133, 416, 519.

1811818181 (1181881811118191.18111888,
1811181111 8811, 881888181111118111 1296,

7711188111 1. 1211111 8118 13811111.

1381111111 (17111811), 911111. 11111111 89.

131188111111 (118188188181818), 1111
811111, 1118111188 8118 1118811, 111111
18888, 11118181 18 9111111181 1299,

Wappendorpe 485.

13118811, 111811111818111 145.

Wardensteden 1. 1881111881.

1181118818 1. 1118818188.

1188818811 175, 211, 276, 289, 293, 336.
- 11111181 91118818 8811 811 9111111181
(1811818111118)1282,751 1287, 211. -
(2111811111 75, 211. - 11111111138111811
1118 98181818.

1611118811, 9118811111 439. - 11111811
1811881111 1282, 75 1 1287, 211. - 18111111
8818 9111118 1290, 289.

1888118881, 2881811 888, 8811811111
11118181, 818 8181181881 181181181298,
466. - 98111188, 1111113118881296,
466. - 388818 8811651. - 91111118
888, 11111181 12812111 1291, 322.

1888111118, 1111111111 118111 1287, 207.

1181818118, 1111181818, 21118181 8811
1298, 525 2 1299, 546, 547 (8811818188
11111111) i 1300, 579. - 91111181 8811,
clericus 1289, 248.

1111111181 (118118181881811), 11111. 8181111ε
8881, ὓ18818811 395, 409.

1188888188 1. 2118186111.

Wat-kenhem, 11818188 881 118 1111 ’
1181181188, 1818188 6111111888 1111111
1288, 487.

1118111118 1. 1111811.

Wede 1. 138888.

18188 (118118, wide), (1818188881111118
1291, 312, 313. - bugu 881, 911811
1288, 1681 8881611761 (1281),
2391 1288, 244, 2461 1289, 2631701
1291, 312, 3131 1292, 343 (6111888111
11ὓ8818181), 344, 3501 1294, 91,
-911881118, 11881118, 111118 11181288
1761 1288, 2461 1289, 263, 27011211,
312, 313. - 1118911881 318811
1288, 2461 1288, 268, 2701 1281, 916. ζ
- bugu 11118 8111888111 12881761 ¹
1288, 2461 1289, 263, 270. - 881111
1288, 1761 1288, 244, 2461 1281. 761 ,
1291, 312. -11118,111128811291, ’
312, 313.

1181811811, 88811111 881, 9811118881
818 1881111188888188 in &emm
1281, 464.

Wegel, 1111818, 1181181 11 91188111 12081

1888881111 (1188811811), 98111. 311111
81811687.

1381188, 1118811111. 11118818, 91111. 118811,
91. 1181818818 544.

1818811 (Wedele, Wethele)‚ 911111. 11882
8111811 148191. - 1118881881 1800,
579. - 8181 11188111 81881811181811.
zonis 191.

18811118118881111188111, 91111. 11111181
140, 576.

1311111, 91181. 1211811181111881111 210.

18111111, 1181181188 181 (de Fonte) 11¹
1111111 1299, 537.

1811118811 (Wendelinctorpe), 91111.
11881188, 91. &burg 212. - 11181
7111881111 212.

181811118811881111, 9181111111 100, 210.

11811111188111 8811 1298, 525.

1181118818111181118,ῧτί18811118811299563.

1011818111, 1111888818 111 8. 6111188111
tut 1281, 2691 1288, 874.

Wendelinctorpe 1. 1111118881.

13818811(11811811811) gu 9111818811181 gea
118111, 8818188111. 881 11181118 416.

1811181, 1181111811, 1111118 1111 1800, 605.
1111. 611118.

 

