Swartwolt—Thrantem. 501

lt, fflertmm 1297„ 492.
161616, 21161111 66111, 11101111

1. 661611.

Τ.

Tallage) 6661116611 161 311161.
ι 17, 66, 140, 246, 276.

1. 661ς1.

domus quondam 'sandes 1ι1 DQ:
1312, 344.

6116116, 61111 11211161 1289,

ιτς (2616666616), Ἐιιτς 44, 68,
. - 6616666611 6661161116
1161161111616116 7, 104, 202, 308,
113. - 16611 8661163 (666
166111) 1267, 683. - 161611
1136661 1283, 83-93. - 166611
ιτδ 666 11663666 (1166161116)
178, 1287, 202. - 66611 866611
³) 6. 6). 641.

ιτς, 11661111 7. - 3111161611
1116666616 1281, 7. - 11161111
616 (1611161288, 241. - 666166
616 1296, 469.

ιτς, 6161 666 78, 239, 367,
126, 634, 641.

ιτς, 6τ61 6116 666 1260, 683,
267, 683. - 6161 6116 666,
1666611283, 87. - 6116116,
666, 6116111611 mit 116116 66ιι
111 1283, 87. - 66113116 666
1286, 7, 73, 114 (6111 6161116611
161, 1116111666), 121, 136133,
286176. -31161τ616, 11161
1191, 7, 1166, 116. - 6116
nge 16111, 1611 6661111281,
6,176. - 16τ611ι16116ιιι16
16111, 266611 1286, 176
11 6166161111 66116616 666 616
1 1287, 202 (6ς1.), 1288, 241,
169, 666 ς116ιι6161 61161111
0,196, 243, 281, 297, 304, 306,
17, 463, 469, 473, 474, 476, 479
ssus 616 6τ6116 1166666 666
ιιττς), (630 7), 664, 668, 662,
600, 602. 7161116161 623-626
1616166634 (6661211616), 636,

611111ιι6ιιτς1 664. - 16161111 nnn ffliet=
6116, 11161116111296, 463, 469, 1297,
474, 1299, 668. - 66116111 66116
61116611, &rubet 613 611116 6116,
66616111 16 1111661111 616 1986661116
1294, 401, gum 1166611 in 2111611111
16611611 1296, 4631 6ς1. 1111116116 τιιι6
66666616, 1299, 668. - 6161τ1,
frater domicelli de Tekeneborch 1294,
408; 1299, 666, 6. 36. 637.

6111116666, ς1611161τ (2) 1111616166
6611666. - 6τ6111611611616116616
manu Gunce 1296, 463.

76116, 1166666, 63616166116111611, 611116
66661 1299, 661.

61ς161τ, 611666, &teter τιιιι ,2111611161
611616 1291, 324.

6111616101, 6111666161 (1ιι ὓ666611111 1)

611ς11 (261611, Thelme), 116. 2111161116
61661 666 36616111 439, 638, 663. -
11116111 66ς116111 666 1166661291,
322. - 66τς1τ 6116τ1661τ661616
663. - 616186161111 666 6161 2611114
1161 16 611ς11638.

,, 26ῑί1666666, 6161 611 611161116161216.

Teyninge (Teningen), 416.

Τ11611161111. 61166611.

1661616611661. 661611.

66116616, camerarius (612 6τ611ιι 666
6161111666 1), 666661 1281, 7.

66116616, 2116ς11111, 6111111611 (1ιι 61661)
1296, 468.

66116616, 2116ς11111, 68ιι66τ11111τ &Urget
1298, 628.

Τ116116ιι 1. metten.

Thiedricus‚ nobilis 1099, 664.

6611ιι11Τ1161, Τ11166ιι),111161. 1111606110,
111. 6111166666 140, 464.

66111166666161661116 1292, 342 (6666
6τ11611 666111).

Τ11111661. 5661161.

Thorhuintelenmolen 1. 6661111666.

2116116111. mutum.

666611 (de 111111), 2111616112 6616 1283,
103, 1300, 678 16111111).

Thorneberge 1. 6666616616.

66616111 666 6616111, 666666 666,
6666616116 16111ς11 1286108, 1284,
1261287, 213. (21661611 61131111166111.) ,

Thrantem 1. &tantum

 

