11111111. 449

11111111111111 511 1291, 313 j

518 91111113 1111111115 111
5111)) 1293, 376.
, 111. 2115110111 455.

(1115111111, Aschedorp), Ι

1111111, 31. 1151111 (1111111 111111
111 1110111) 133, 433, 434, 518.
1111111), 51111115 5111, 0111111111
73.

pe 1. 0111111111.

1111111111, 1011111111, bein:
1115111111 31111111 1291, 3071
17, 434. 3111. 811111.

1111111.

’1115111 5111, 9111111 1288, 195.
1. 31111111.

1110511111, 31. 8111115101, 1111 1110
9111111111 410, 568. - 3151011111
5111111111 11 0311511111 1299,
568. - 10101 11111111410.

1110511111, 1111111116 5111, ς11111111, 1110
911111οἰ8, 11111 (8111111111 1294, 388.

Bagheim‚ 101111111191111111285, 150.

11111101 (Baelo) 511 3111051111 334. -
31111111 0111113341 11111111 334.

10111101 (Baelo, Bakelo)‚ 1011111111 5111,
0111111111, 11111 111111, 1111011110, 11111
1851111111 1287, 334. - 05111110 5111
lmfflwffi·

11111111 (Β11111111), 01111 1110111 96, 91,
140, 159, 356, 373, 380, 381, 383, 384.

11111111 (31111111), 011 511 1300, 579.

'fflmwmffimmffim

10.

111111 111, 91111111 1290, 303.
111113) 511, 91111111 1290, 303.
rid) 5111 1289, 3671 1300, 599
). - 11111111 111191111111290,

11111111, 1111111), 311111 011
1. 55111111, 911111. 91111111115111
011191. 3111115118 133163,

storpe), 31. 0511511111, 0511
1, 3111111 1281, 17. - 51115111,
011110 11111111, 31111011 1282,
1111. aud) Astdom.

11111111 5111 1290, 380.

, 31111110 011 junge (11 0311
658.

81155111 1110 0111110 5111,
JQQQmfflm
111). - 9111110 5111 1300, 601.
111111ἷ1ὃ 01111016 5111298, 503.
1. 101.

11111111.

81111118), 01111110 011, 9111
11111151111111 111 &t 01111111
11 &tube 1290, 468. - bet:
1111111101111181110111128275.
1. 1111118.

111101.

>m urtam lv.

11111111 (61111111), 011111. 3111111 163, 590.

3111011111, 31111111, 3111111 111 0811511111
1283,111.

Β11111111111111, 01111. 5011111001 119.

811111, 11811111,911111 1287, 317.

5101111111 (Balkenslet), 311111 011
3111111111. 1111110111, 91111. 31111111,
91. &burg 591.

111111 (1111111111), 111. 111111, 11.
5111115100 347.

Balleyst, 11111111 1298, 530.

3111111311111111111), 21111 1011111111
148.

1111 (Ursus, Bar, Baro, Bere), 111111
(1220-1224), 6701 1111111118, 111111
3111111670. - 1111111111 1233, 673. -
3111118311276).-111111111111118
(81111,31111111282-1300, 63, 64, 83
(131111 31111113), 103150, 163168,
169, 176, 339, 348 (11111111 11 011111),
365, 376, 385, 394, 533, 559, 560, 573
1311111110 018 011111111118111118),
mmffimm-wm
11111 &mu 1285, 1681 1286, 1691
1300, 586. - 11111111, 1111101111 011
0111, 5111860111 168, 169, 586 11110
11111 11111111 1285-1300, 1611169,
339, 394, 557 (11111111), 574, 578, 586,
640. - 1111101111), 31111111113311
0111111. 0. - 1110011 (1111131111),
91111111 1285-1300, 168, 169, 394,
586. - 1111111111, 1111111111, 6111111,
05111110, 8011151116 013 11111111,
511. 1111111111 11 310. 111 110 11111

 

