462 11111111-19111115.

9111111,1155115511913,675. ¹ 1111151. 1. 1111111.
Floro, 91111111, 91111111111911115111111 1 91511515, 9151151111, 91111111 1191111119
11511119 634. , 11111111 11511111 9911511111 1999969.
Flos 1. 1115111. 9111111, 91111. 911, 91. 1111119 366.
115111,ξ1111111,1111111111119115111111937, 1111151511 (1111111111), 91. 1011111511.
693 (14. 8111111). 9119111111 439.
959111111111111), 91111911111111111111, 1 9111115111 1115111115111.
9111111 51111511 571.
1111111111, nobilis 1099, 664. ,
Fonte, 85111119 de (151 1111111111 11 ’ ⁰¹·
1911111 1999, 537. 91111, 1151111 5511 (19351143) 119391
11511111,11111111111111,591151591111111111 181.
1999, 3401 1993, 596 (in Foro). ’ 91111111, 11111111, 5911515111 1111111
11511115, 6111115111 de, 951111111101111 ¹ 1933, 109 7 1937, 213 5 1993, 5937
11151 1994, 398. 1999, 546, 547, 574.
9111111115, 911111. 511111111111111, 91. 911111 (0111111), 91111. 9115111, 1111
101151151911964. 95111111, 1115115111 195, 997. -
91111191111101111151111 96, 39, 36, 38, 3 1115191151111195.
41, 59, 966, 967. 01111151 (6111111, 61111111), 91. 911111 “
9111111511, 91. 1911115111, 9119111111 , 511111, 911911111189, 991, 576. -11
469. ⁴ 115111189. - 11111111 5111111110,
9111111511, 91511159. -5151111111111111 ³ 1176. - 9151 6111151 140, 940.
’ 1931, 8) 1933, 939. - 1151111111 597. 01111151 (01111111), 51111111 551, 11111111
- 1111151 1111111 1309, 597. , 1399, 579. ³
11111111515111, 1111115111 511 (1935), 139. (1111111111 1. 0111115511.
1111111, 91. 011111, 11111111 1151111119 j (11111111111191111111511.
5511511939177. 0101115111, 1151111 511, gen. 2⁰2
111111 1. 111115. y 1111011119, 5111111 9511111, 0111111
ζ1111115111, 91. 91111111 994. - 151111 ἐ 1111551111, 9111111519, 3111111519, 501
65111115951111643, - 111111111111 111119, 51111 911511 1309, 609.
78, 994. - 9111111111.1939,48. - 6101115111, 9151511551, 011111, 51011
95111111111111111151148.-1111119111 5 11511111, 91111115, 9511111, 01111
511 911111 1990, 994. 111111, 9011595111, 51111911511110,
11111115, Thomas de, frater ordinis fra· 602.
11111 1111151511 1989, 966. 1 0110115511 (0115115111), 911111. 1111101
Fretheboldus, nobilis 1999, 664. ÷ 609.
9111511111, advocatus 1390, 589. ¹ (5101115511 (1111115111), 91111. 11111111
1111191115, 10111111 111 (Frisomun nun· 5111111111 551 1989, 731 1933, 109. ‘
1111111643. 1111. 6101115151.
111115, 11151119, 951111 111 11111511 1999, 0111111 (1111011111, 91111. 9111111161.
351. (511511111105111111111),15111111ήά19
9111191111, 01111115 1933, 931 (1911Ι , 1511111111, 1111 9111115101, 91111-
5111111 91511111) 1998, 5061 1999, 548, 9011119151, 111. 11111111 334. - 201⁰n
549. 1111111111 115 911110111111519,115110Ι
111115,1111111,1511111111,11111111939-1993, 1111 &obn 1999, 334.
57, 996, 395, 398, 409, 449, 505. - 0111111111. 61111151.
9111111115, 111111 111111 1993, 449. - 1 61111111511111111119111911911115111
1111111115, 11111115, 1911111111, 0111115111, Wede 1933, 946.
11111519, 9111191519, 111119, 111111 9111 61111115,(515111111111011111111111111111
5111999449. - 11011111 1931891 559,
1999979. - 5111111111. , 01111115,116511111111ὓ11111511191990511·

 

