6136633133-113111133. 455

3161331133311, (363111311ᾥ1163ε ³ 63313131. 2111111113.

1236, 176. 1311. 1916316319. 1111663,(93111316,1111131,61363163163119
11(Β1331133311), 6311331) 6311, (1. 311231, 7. - 6311131311, 9111131
31334193. ἱ 1231, 1. - 31 1333, 143. -
ake 1. 2133131633. 91311316, 9331133 1399, 6091 n. v. 664
13316 bon 1243, 676. ’ (13613363133121313313311. - 1131316311
Brumlage), 91131. 9113133636 1 1294, 396. - 6313131111 1239, 2671
11331131311163 1166613111). 1292, 346 (91131133). - 11363131, her:
2131311316 6311, 3333611331 . 1131131631 11111 6311113, 631 16111133 633
643. 1191, Brunselinge. - ¹ 61111313 1131111116 6311113133 1292, 343,
319 3311131633 3311311111, 3⁰⁵ ¹ 346 (9113311311 1299, 667. - &annuns
161 6311131631131 2113113 1293, 9331113 (1111 &egel Joh. Budde 13
1131313131, 13 ὓ6113611131 1233, 1 Herslag03 6311131316.) 1292, 346. -

&abtum 333, 3633611631 1 23116311,9333331234,121112361761
1331, 34. Ι 1331, 333 ,· 1233, 233, 3411 1331333·
Bruanium, 91133113 632 91111319 ξ 1293, 376 ,· 1294, 396, 499 (9111131). -
’3313123617111299232 . 23136311 3116 66316316, 13111631,
quondam thelonearius 1292, 9331111311 1292, 346. - 23136311, 591311

639 11131311 633 2331336313 3116 2113131
1331131111,3633611133123111331 . 633 1131131631 63139 2116133, 911111.
1. 6311131111 1. 16. 1299, 297. - 9316311,
1333111111. s 911131123171 191311 in σ1331336311
,1311111 91131. 9111111, 11311331 1 1233, 39-93.

quondam Pappen 1292, 347. Budellinberg 1. 133111336313.

11131133 1236191. 21933113 (Buclete), 911111. 1831136, 91.
1, 2311111316, 3933611133121113 , 2113111311 26.

466. 1611. Brumsele. ¹ 26111133(Β31311, 61316311633311611633,
1113311 1291, 331. - 6311113113, 1 91131. 1313111163, 91. 1331336113 667.
11631311133311297, 492. - ss 13111163, 11131131 9313111133 von 63111
1313131139 1313631 1297, 492. 2333163 (de Rubo) 1239, 264.
rr, ¹ 23331 (6113191211311391111111131 1,36,
buchost, 1 171, 371. - 31163 690. - 11131131
3111133311, Yreus), 33131316, 3 3633 21311133 171.

1333, 1515 1333, 113. - 1 3311333333(1333),1431(1333),131.
,29311131 336 1131311316 1291, 1 Β31113,1131111116 (111 ὓ633611139) 663.
13316316, 9111131 1295, 426, ¹ 1113111311 (Bulzeten, Β313311131), 91131.
43611399691-11313316 Ι 21331,91.211311316,467.

1, 434. - 63131131, 9113333 11311133 (Β3133111311), 16311131 3311, 2111136
1. - 1111639336, 131113 &tuuf 613, 13133 &tuuf 11111111,ῧο1131111,111111ε
6131133113, 2111131616, heredes 1 613 11116 91311136,13133913631 1296, 467.
i. — 63111113112116311113116313 Bune, Ranae, 2116313 3311311111 1231, 371
.- 1113116133 1294394, 3961 ζ 1399, 679. - 11131133 non 1999, 679.
3. - 1631331, 11113111 non , Β11113131131. 2361111133.

11363 1296, 467. - 19311131, ³ 6111136313,113111111111299,284.

339 2311131316 1296, 4334341 Buten 1. 11116133.

' (inurget 1131113333). ¹ Buren 1. 6319611331 11131131 2113133631
233131. 1 91311133 1299, 293.

(13311133, 31. 1111131131), 16311333, 91. 9913311311, 9131131, 1113311
1331131311311193363113609. 1 261. ,
193361963113911311296416) 11311333, 63111116), 3933631631 23111331
1 (6311316311. 1 12891970·

 

