5111855555-55555558. 471

5 (Η5151155), 1155551518511155
115151. 5555551, 95. 11151155

5 (Η55551155551484.
(Η55155,Η5515555), 551 511
551 360, 425, 549.
5 (Η555551515), 1151511555 555
261 1296, 449. - 55515555
5 555 1285158.

5511555 555. 1295153.
5155211155(Η51115555555),115
55111478.
5515555, 95555511 2115555
155 18111155 1289, 226.
51555555 416.
515555151185555111 1296, 457.
nulus custodis 1284, 122.
edo, in 1185555111 1360, 592.
5 &t &obium 555115111515
5115551 1262, 685.

1. 55155555.

51. 55551551.

’. 5111855555.

tre, 51555555 555 55155515 555,
5, 11515555 1287, 217.
5 1. 515511515.
85515555 1. 5115155555.
151514.

155511555, 58555551551115555
70.

5515555, 11155555 15 1115155551,
11555555 1294, 1311 1287, 206.
55555.

orat, 1155515 555, 5115155 15
55111 12961449. - 1851. 55511.
1. 5558115115.

5111555111, 1155555515 558 5555
155 155555 1291, 27.
555 478. - 11515155 555 555
5551295478.
(Η515555515), 85151. 855151, stt.
151111 350.

5115515, 1155555 1299, 557.
te 1. 555555551.

·J.

555 15 manaurae 1267, 693.
55, 95. 2511555555, 1115515151
5. - 555155555 551 297, 304

115555, 11555 5551151 133, 239, 297,
329. - 115811555558551 157, 507, 575.
- 1111515 1331 21111515 1155115 555
115555 3721 21111515 551151555555555
55555372. - 11555 555 115555 (551
555151 558 5111118 5551555) 297. -
11155555815555 555 135151011555555·
camp 51115) 468. - Η55 5555155
walde 151. 239

55555, 0151155 27, 66,133,161,194,
197, 210, 262, 328, 331, 334, 339, 358,
372, 426, 437, 468, 477, 484, 486,575
- 1151 555 131), 349, 435, 531. -
1151 11555555 † 245, 575. - 1151
1151558 1291, 271 1292, 661 1286,
157, 1611 1296, 171, 1971 1298, 2451
1299, 2621 1291, 823, 8281 1292, 334,
43411296, 45611297, 4861 1299, 518.
- 1151 21555158 1299, 575. - 1135155
81555158 1292, 66. - 115155 15555555
1292, 334. - 11155555 558115158, Η. . .
1296, 171. - 111155 5515515 1151
1255, 484.

115555, 11115515 555 (1222-1224), 670.
- 11115515 555, 11555555 1511855
551111..-5 01555555 555 5855551155
11155555 1295534 -55555555 555,
5855555155111155551296,18611296,
4661 1299, 542. - 1155555555, 115155
555 151. 13551 (1155155551) 15 115555
5555 1295, 432.

11155 (lohere), 1555511555, 5855551155
11115555 1295, 416.

Ι515155155155,Ι(15115515555 1. 1151555551.

1151555551 (115155155555, Idelincdorpe),
95151. ‘hamme 162, 178, 559, 560.

Immichtorpe 1. 551555.

Immingdorpe 1. 551555.

15155155, de 1. 555 55555.

- Indaginis casae 1. 55555.

5151555 (Immiehtorpe. Ymegdorpe, Ym-
515515555185151. 35555511585. 25515
1555555 83. - 5515515 5551155555
1291401. - 1155555 5551281121,
1801 1294, 401 (1111115511 1297, 489.
311511515515155551555515551294Α30.

8111155555155 Yozinghusen, Tzinehusen)‚
115151. 1311555555515, 115. 101111555 367,
559, 560.

55155558, 1155555 558 1115551158 55115515
55 151555 13071587.

 

