31111111111-2311112111. 505

(Volmestene), 3111113111
36, 38.

(0111111111), 1311111111 111,
in ὒ1111311111 1. 2111111111.
1111111, 1311111111 in 2111111111

(Volmuntstein), 1111111111 nun

’. 3111111111111.

Vorenbroke 11101) 111θ11111,
3111111111 571.

111 3111113111, 31111111 111,
1111111 &tolet 1292, 333.

zhe, 3111, 1111111131) im
11111111, 11121111113111 408.
iu 011. 3111111111.
othelm), 31. 31111111, 311111

(Vorsteborg), 311111 1111311111.
11. 3111111111544.
0111111111 1111, 1111111 111
1 (3111111 1291, 324.
11111111),31111111311111111111,

111111, 111. 2111111111 117.
Vulpes, Vns, Wus), ῧ111111111,

11, 17 J 1286, 195-111111111,
98, 525 1111 1111311181
nnnc 1298, 525, 530. - 3⁰:
2, 551 1299, 302 (1111111111.
11111, 1111111111 1281, 17. —-
3111111 1286, 178,- 1288, 2401
woessffiwfflffl
›; 12914761 1291, 530. -
ι, 1111111111, 31111111 11111
2111111111 11111 3111111111,111111
99, 291. - 11113111, 1111111111
1 0111111111121111, 11113113,
1, 3111211, 21111111111131111
. - 31131111, 1011111111 111
1,111111111111111 1111111111 1292,
1, 503. - 21111111 1295, 416,
. 430 (11111111). - 2211111110),
2211802.

1111111112) hei 11111111 575.
1111111111,1>”>11131111113111111

111, 11111111111111 3111111282,
1111111111 3111111 1283, 103)
. 311. Voet.

11 1. ι(1111111111.

21111111, 21111111 nnn, 31111111 1282, 52.

31111, 2311111) Otto 113 31111111, 111111
3111111 1298, 525. - 31111 1111111111.

Vresenberg 1. &refenbutg⁸

Vridag, 31111111, 2111111111 1289, 267.

3113111211111111, 2111111112 1285,142.
- θ111(171131111)1221,322.

Vriese 1. ῧ1111.

Vrigdac 1. 311311.

21111111, 81111111, 11111111, 3111111111,
&tete 1113111111111 1133111311 1299,

11111111,3111111111292575.3111111111.

Vromekinc, 2111111111, 3131 111 10111111 435.

3111111111, 31111111 1291, 330 (111111
1111111 31111111.

3111111111,31111111113111111111,311112
11111111 31. 1111111111 1. δ.

31111111 (1220-24), 670.

Vruwedenberg, &ananus 3111111111 111
11111111 111 1111111111 1111111111 211111
12911513. ·

1111111,ξ1111111111294,333. 3111131111.

Vuchte 1. 11111111.

11111111, officiatus 11131111111111282Λ4.

Vulfardinghusen 1. 2311111011111111.

111111111111111111, 2311111 nnn 1282, 461
1291, 312 1131111111131111111, 313
(bam 1212, 8511 1291542.

Quaen (23111111, 31. 21111111), &onaan
1111 1293, 381. 311. 1111111311.

11111111. 3111.

Vulphamen 1. 2311111111.

11111111 1. 1131111111.

1111111111, 3111111111, 1211112111 11111111
(11) 1211, 281.

111111131111111111, 1111111 11311111111111
13111111 1291, 324.

211111, 3111111111, 1111111111 11111 111111
11111, 21111111 1292, 333. - (3111111111
1298, 515. - 3111111312,011111111112
211111292333.

171111, Vulbero de, 31111111 1231, 18.

2111111. 2111111.

W.

Wackenham, 3111111111, 31111111 1296,

Ἑζξὲδῐοῐ) (wudetun), 31. 2111111111,

3111111111 325, 334.

 

